1 -123.30807 49.19026 -45.04105 .00000
1 -123.30765 49.18889 -44.47065 .01389
1 -123.30738 49.18726 -44.22877 .02778
1 -123.30725 49.18538 -44.31494 .04167
1 -123.30713 49.18332 -44.36642 .05556
1 -123.30724 49.18119 -44.70427 .06944
1 -123.30781 49.17920 -46.18112 .08333
1 -123.30845 49.17718 -47.79044 .09722
1 -123.30912 49.17536 -49.16132 .11111
1 -123.30996 49.17383 -49.64111 .12500
1 -123.31091 49.17226 -50.18143 .13889
1 -123.31173 49.17094 -50.74321 .15278
1 -123.31248 49.17004 -50.67789 .16667
1 -123.31325 49.16917 -50.49852 .18056
1 -123.31398 49.16848 -50.40475 .19444
1 -123.31465 49.16797 -50.39658 .20833
1 -123.31533 49.16747 -50.38842 .22222
1 -123.31610 49.16724 -50.78412 .23611
1 -123.31695 49.16665 -51.68621 .25000
1 -123.31788 49.16586 -52.51989 .26389
1 -123.31881 49.16514 -52.59560 .27778
1 -123.31969 49.16452 -51.95698 .29167
1 -123.32071 49.16406 -51.03490 .30556
1 -123.32119 49.16465 -50.97795 .31944
1 -123.32213 49.16456 -51.87011 .33333
1 -123.32290 49.16454 -52.65609 .34722
1 -123.32352 49.16457 -52.48380 .36111
1 -123.32401 49.16465 -51.36316 .37500
1 -123.32431 49.16496 -50.32390 .38889
1 -123.32440 49.16496 -49.23530 .40278
1 -123.32437 49.16454 -48.05219 .41667
1 -123.32434 49.16412 -46.86908 .43056
1 -123.32443 49.16336 -45.98995 .44444
1 -123.32464 49.16224 -45.34408 .45833
1 -123.32486 49.16117 -45.09315 .47222
1 -123.32501 49.15974 -44.69025 .48611
1 -123.32508 49.15789 -44.12138 .50000
1 -123.32509 49.15598 -43.91359 .51389
1 -123.32510 49.15373 -43.59886 .52778
1 -123.32536 49.15094 -43.32207 .54167
1 -123.32569 49.14812 -43.09449 .55556
1 -123.32652 49.14511 -42.73513 .56944
1 -123.32771 49.14184 -42.39426 .58333
1 -123.32875 49.13882 -42.44429 .59722
1 -123.33001 49.13573 -42.67256 .61111
1 -123.33262 49.13218 -43.75895 .62500
1 -123.33459 49.12837 -45.12354 .63889
1 -123.33657 49.12499 -45.39790 .65278
1 -123.33886 49.12202 -44.68501 .66667
1 -123.33999 49.11911 -44.11652 .68056
1 -123.34123 49.11666 -43.58603 .69444
1 -123.34331 49.11467 -42.74324 .70833
1 -123.34553 49.11271 -41.98231 .72222
1 -123.34783 49.11165 -41.97971 .73611
1 -123.35014 49.11145 -42.49197 .75000
1 -123.35250 49.11143 -42.89092 .76389
1 -123.35472 49.11218 -42.66720 .77778
1 -123.35686 49.11373 -42.09144 .79167
1 -123.35901 49.11528 -41.51914 .80556
1 -123.36082 49.11717 -41.04124 .81944
1 -123.36220 49.11939 -40.53837 .83333
1 -123.36398 49.12186 -39.44048 .84722
1 -123.36592 49.12423 -39.49443 .86111
1 -123.36738 49.12649 -40.67692 .87500
1 -123.36899 49.12892 -41.42677 .88889
1 -123.37095 49.13126 -42.41620 .90278
1 -123.37321 49.13345 -44.58201 .91667
1 -123.37548 49.13563 -46.78741 .93056
1 -123.37778 49.13758 -47.55879 .94444
1 -123.38011 49.13932 -47.04997 .95833
1 -123.38267 49.14125 -46.50096 .97222
2 -123.30807 49.19026 -59.00765 .00000
2 -123.30759 49.18861 -58.28468 .01389
2 -123.30726 49.18687 -57.80322 .02778
2 -123.30709 49.18501 -57.55618 .04167
2 -123.30690 49.18310 -57.28536 .05556
2 -123.30698 49.18121 -57.40957 .06944
2 -123.30747 49.17945 -58.04737 .08333
2 -123.30794 49.17764 -58.49872 .09722
2 -123.30851 49.17591 -58.81892 .11111
2 -123.30921 49.17429 -59.22604 .12500
2 -123.30994 49.17273 -60.09500 .13889
2 -123.31062 49.17140 -60.45951 .15278
2 -123.31125 49.17029 -60.31958 .16667
2 -123.31196 49.16923 -60.15177 .18056
2 -123.31259 49.16830 -59.94259 .19444
2 -123.31326 49.16743 -59.95096 .20833
2 -123.31402 49.16652 -60.13738 .22222
2 -123.31479 49.16572 -59.84488 .23611
2 -123.31563 49.16509 -59.04302 .25000
2 -123.31647 49.16447 -58.24116 .26389
2 -123.31730 49.16403 -57.94005 .27778
2 -123.31812 49.16378 -58.13970 .29167
2 -123.31893 49.16353 -58.33935 .30556
2 -123.31972 49.16348 -57.93525 .31944
2 -123.32042 49.16356 -56.62609 .33333
2 -123.32112 49.16363 -55.31693 .34722
2 -123.32183 49.16353 -54.10528 .36111
2 -123.32253 49.16324 -52.99116 .37500
2 -123.32324 49.16295 -51.87703 .38889
2 -123.32388 49.16242 -50.87169 .40278
2 -123.32403 49.16124 -49.98610 .41667
2 -123.32421 49.16014 -49.79226 .43056
2 -123.32434 49.15867 -49.46208 .44444
2 -123.32436 49.15673 -49.52559 .45833
2 -123.32438 49.15480 -49.59845 .47222
2 -123.32453 49.15245 -49.62302 .48611
2 -123.32489 49.14961 -49.71699 .50000
2 -123.32529 49.14678 -49.86799 .51389
2 -123.32617 49.14383 -50.10037 .52778
2 -123.32732 49.14066 -49.96462 .54167
2 -123.32832 49.13762 -50.07614 .55556
2 -123.33020 49.13427 -50.14377 .56944
2 -123.33267 49.13075 -51.14716 .58333
2 -123.33365 49.12768 -52.47370 .59722
2 -123.33495 49.12470 -52.96110 .61111
2 -123.33627 49.12193 -51.71545 .62500
2 -123.33734 49.11901 -50.30010 .63889
2 -123.33882 49.11620 -50.10503 .65278
2 -123.34078 49.11391 -49.18444 .66667
2 -123.34280 49.11171 -47.63086 .68056
2 -123.34488 49.11038 -46.93735 .69444
2 -123.34699 49.10988 -46.91410 .70833
2 -123.34922 49.10958 -47.15679 .72222
2 -123.35135 49.11022 -46.71084 .73611
2 -123.35329 49.11163 -45.31654 .75000
2 -123.35538 49.11313 -44.54976 .76389
2 -123.35703 49.11483 -44.05610 .77778
2 -123.35836 49.11680 -43.61683 .79167
2 -123.35984 49.11886 -43.14138 .80556
2 -123.36123 49.12084 -43.56146 .81944
2 -123.36250 49.12271 -44.93962 .83333
2 -123.36384 49.12467 -46.16749 .84722
2 -123.36553 49.12666 -47.02415 .86111
2 -123.36754 49.12862 -47.89616 .87500
2 -123.36966 49.13068 -48.96691 .88889
2 -123.37182 49.13258 -49.24786 .90278
2 -123.37400 49.13429 -48.55072 .91667
2 -123.37624 49.13602 -47.84851 .93056
3 -123.30807 49.19026 -77.00977 .00000
3 -123.30733 49.18946 -77.51625 .01389
3 -123.30650 49.18829 -77.83141 .02778
3 -123.30543 49.18659 -78.19801 .04167
3 -123.30445 49.18503 -78.94408 .05556
3 -123.30371 49.18343 -79.37430 .06944
3 -123.30318 49.18176 -79.36432 .08333
3 -123.30261 49.18044 -79.14890 .09722
3 -123.30232 49.17934 -78.92706 .11111
3 -123.30232 49.17846 -78.70027 .12500
3 -123.30232 49.17757 -78.47347 .13889
3 -123.30244 49.17688 -77.48691 .15278
3 -123.30244 49.17653 -77.19711 .16667
3 -123.30243 49.17619 -76.93292 .18056
3 -123.30238 49.17591 -76.56806 .19444
3 -123.30228 49.17570 -76.10255 .20833
3 -123.30218 49.17548 -75.63704 .22222
3 -123.30196 49.17532 -74.75782 .23611
3 -123.30160 49.17520 -73.47725 .25000
3 -123.30125 49.17508 -72.19667 .26389
3 -123.30104 49.17496 -71.36447 .27778
3 -123.30098 49.17485 -70.98064 .29167
3 -123.30091 49.17474 -70.59681 .30556
3 -123.30107 49.17454 -70.74281 .31944
3 -123.30155 49.17434 -71.58137 .33333
3 -123.30213 49.17426 -72.61454 .34722
3 -123.30261 49.17405 -73.34385 .36111
3 -123.30297 49.17371 -73.76932 .37500
3 -123.30333 49.17337 -74.19478 .38889
3 -123.30349 49.17287 -74.74557 .40278
3 -123.30344 49.17223 -75.42168 .41667
3 -123.30339 49.17158 -76.09780 .43056
3 -123.30304 49.17086 -75.38212 .44444
3 -123.30250 49.17003 -73.93667 .45833
3 -123.30197 49.16920 -72.49121 .47222
3 -123.30154 49.16828 -71.90329 .48611
3 -123.30123 49.16727 -72.17291 .50000
3 -123.30119 49.16618 -72.22347 .51389
3 -123.30103 49.16470 -71.25427 .52778
3 -123.30093 49.16316 -69.96604 .54167
3 -123.30072 49.16173 -68.64363 .55556
3 -123.30022 49.16059 -67.00198 .56944
3 -123.29999 49.15937 -65.24874 .58333
3 -123.29977 49.15815 -63.49549 .59722
3 -123.29974 49.15719 -61.95397 .61111
3 -123.29972 49.15649 -60.74004 .62500
3 -123.29946 49.15543 -59.45474 .63889
3 -123.29913 49.15469 -58.22500 .65278
3 -123.29871 49.15429 -57.05083 .66667
3 -123.29830 49.15388 -55.87666 .68056
3 -123.29787 49.15378 -55.06881 .69444
3 -123.29744 49.15396 -54.62730 .70833
3 -123.29709 49.15426 -54.40510 .72222
3 -123.29676 49.15462 -54.27322 .73611
3 -123.29646 49.15505 -54.22745 .75000
3 -123.29615 49.15548 -54.18167 .76389
3 -123.29610 49.15603 -54.60242 .77778
3 -123.29632 49.15672 -55.48970 .79167
3 -123.29653 49.15740 -56.37697 .80556
3 -123.29696 49.15822 -57.30489 .81944
3 -123.29694 49.15937 -57.97383 .83333
3 -123.29686 49.16053 -58.62009 .84722
3 -123.29654 49.16131 -58.20516 .86111
3 -123.29601 49.16171 -56.86045 .87500
3 -123.29548 49.16212 -55.51575 .88889
4 -123.30807 49.19026 -45.04105 .00000
4 -123.30884 49.18867 -46.22310 .01389
4 -123.30941 49.18726 -46.97912 .02778
4 -123.30975 49.18600 -47.30912 .04167
4 -123.31010 49.18475 -47.63912 .05556
4 -123.31051 49.18367 -47.53746 .06944
4 -123.31091 49.18270 -47.40644 .08333
4 -123.31130 49.18173 -47.27542 .09722
4 -123.31162 49.18091 -46.99516 .11111
4 -123.31188 49.18025 -46.56567 .12500
4 -123.31214 49.17958 -46.13618 .13889
4 -123.31244 49.17921 -46.16685 .15278
4 -123.31276 49.17913 -46.63697 .16667
4 -123.31309 49.17905 -47.10709 .18056
4 -123.31333 49.17909 -47.27123 .19444
4 -123.31346 49.17924 -47.12940 .20833
4 -123.31360 49.17940 -46.98756 .22222
4 -123.31373 49.17952 -47.06109 .23611
4 -123.31383 49.17960 -47.34997 .25000
4 -123.31394 49.17967 -47.63885 .26389
4 -123.31403 49.17959 -47.95352 .27778
4 -123.31412 49.17937 -48.29397 .29167
4 -123.31421 49.17914 -48.63442 .30556
4 -123.31421 49.17853 -47.86316 .31944
4 -123.31411 49.17751 -45.94122 .33333
4 -123.31398 49.17647 -43.89677 .34722
4 -123.31402 49.17505 -42.15619 .36111
4 -123.31421 49.17325 -40.75816 .37500
4 -123.31450 49.17143 -39.86870 .38889
4 -123.31487 49.16937 -39.59255 .40278
4 -123.31529 49.16710 -39.74463 .41667
4 -123.31579 49.16470 -39.97603 .43056
4 -123.31623 49.16205 -39.55333 .44444
4 -123.31658 49.15895 -38.79617 .45833
4 -123.31689 49.15549 -37.79951 .47222
4 -123.31742 49.15190 -37.01469 .48611
4 -123.31822 49.14808 -36.18969 .50000
4 -123.31929 49.14415 -35.33446 .51389
4 -123.32107 49.14026 -35.25602 .52778
4 -123.32289 49.13667 -35.99148 .54167
4 -123.32505 49.13329 -36.23401 .55556
4 -123.32669 49.13068 -36.92689 .56944
4 -123.32823 49.12860 -37.60859 .58333
4 -123.32982 49.12638 -38.15827 .59722
4 -123.33167 49.12459 -38.18185 .61111
4 -123.33355 49.12338 -38.32548 .62500
4 -123.33514 49.12212 -38.72815 .63889
4 -123.33674 49.12155 -38.84274 .65278
4 -123.33839 49.12175 -38.60095 .66667
4 -123.34014 49.12210 -38.23701 .68056
4 -123.34216 49.12284 -37.99991 .69444
4 -123.34424 49.12404 -37.39140 .70833
4 -123.34632 49.12525 -36.86527 .72222
4 -123.34835 49.12656 -37.23703 .73611
4 -123.35034 49.12793 -38.18520 .75000
4 -123.35250 49.12940 -38.63110 .76389
4 -123.35456 49.13092 -39.52771 .77778
4 -123.35638 49.13225 -41.42347 .79167
4 -123.35819 49.13361 -43.72696 .80556
4 -123.36006 49.13494 -44.88240 .81944
4 -123.36198 49.13623 -44.64290 .83333
4 -123.36388 49.13750 -44.33956 .84722
5 -123.30807 49.19026 -59.00765 .00000
5 -123.30880 49.18888 -59.49535 .01389
5 -123.30938 49.18758 -59.89792 .02778
5 -123.30979 49.18636 -60.21537 .04167
5 -123.31020 49.18514 -60.53283 .05556
5 -123.31056 49.18412 -60.46559 .06944
5 -123.31093 49.18329 -60.45778 .08333
5 -123.31131 49.18246 -60.44998 .09722
5 -123.31175 49.18184 -60.79634 .11111
5 -123.31226 49.18144 -61.49687 .12500
5 -123.31276 49.18103 -62.19739 .13889
5 -123.31322 49.18069 -62.29886 .15278
5 -123.31365 49.18045 -62.04060 .16667
5 -123.31408 49.18023 -61.95742 .18056
5 -123.31436 49.17989 -61.98080 .19444
5 -123.31451 49.17944 -62.11072 .20833
5 -123.31465 49.17899 -62.24065 .22222
5 -123.31469 49.17836 -62.56338 .23611
5 -123.31462 49.17756 -63.06862 .25000
5 -123.31466 49.17670 -63.33968 .26389
5 -123.31461 49.17565 -62.56940 .27778
5 -123.31449 49.17438 -60.75777 .29167
5 -123.31443 49.17321 -59.09607 .30556
5 -123.31448 49.17187 -57.74211 .31944
5 -123.31463 49.17032 -56.55489 .33333
5 -123.31479 49.16876 -55.36766 .34722
5 -123.31490 49.16693 -54.66601 .36111
5 -123.31520 49.16495 -54.22682 .37500
5 -123.31556 49.16302 -53.85762 .38889
5 -123.31588 49.16085 -53.06744 .40278
5 -123.31613 49.15844 -51.94564 .41667
5 -123.31642 49.15589 -50.70993 .43056
5 -123.31677 49.15269 -48.99557 .44444
5 -123.31729 49.14935 -47.53008 .45833
5 -123.31802 49.14600 -46.24607 .47222
5 -123.31943 49.14284 -46.40619 .48611
5 -123.32114 49.13976 -47.69982 .50000
5 -123.32278 49.13681 -48.86127 .51389
5 -123.32458 49.13416 -49.60701 .52778
5 -123.32644 49.13187 -50.74747 .54167
5 -123.32809 49.12963 -52.92638 .55556
5 -123.32960 49.12805 -54.23641 .56944
5 -123.33100 49.12721 -53.30520 .58333
5 -123.33241 49.12638 -52.28712 .59722
5 -123.33363 49.12614 -50.93936 .61111
5 -123.33420 49.12639 -49.36667 .62500
5 -123.33476 49.12664 -47.79397 .63889
5 -123.33536 49.12720 -46.76335 .65278
5 -123.33598 49.12806 -46.27481 .66667
5 -123.33714 49.12876 -45.78747 .68056
5 -123.33903 49.12943 -45.79999 .69444
5 -123.34086 49.13021 -46.06109 .70833
5 -123.34270 49.13100 -46.32220 .72222
5 -123.34456 49.13194 -47.53723 .73611
5 -123.34655 49.13296 -49.65046 .75000
5 -123.34837 49.13397 -51.77116 .76389
5 -123.35013 49.13483 -53.21204 .77778
5 -123.35208 49.13556 -54.00130 .79167
5 -123.35403 49.13629 -54.79056 .80556
6 -123.30807 49.19026 -77.00977 .00000
6 -123.30807 49.18882 -76.53415 .01389
6 -123.30819 49.18764 -75.63586 .02778
6 -123.30842 49.18671 -74.31488 .04167
6 -123.30864 49.18579 -72.99390 .05556
6 -123.30905 49.18515 -72.54434 .06944
6 -123.30963 49.18481 -72.96618 .08333
6 -123.31023 49.18447 -73.14271 .09722
6 -123.31086 49.18428 -72.63231 .11111
6 -123.31148 49.18423 -71.91168 .12500
6 -123.31210 49.18419 -71.19105 .13889
6 -123.31266 49.18412 -70.87488 .15278
6 -123.31315 49.18404 -70.96317 .16667
6 -123.31364 49.18397 -71.05146 .18056
6 -123.31405 49.18371 -71.45006 .19444
6 -123.31439 49.18327 -72.15899 .20833
6 -123.31473 49.18283 -72.86792 .22222
6 -123.31499 49.18214 -72.86599 .23611
6 -123.31510 49.18122 -71.77824 .25000
6 -123.31522 49.18030 -70.69049 .26389
6 -123.31513 49.17927 -69.55778 .27778
6 -123.31482 49.17811 -68.38011 .29167
6 -123.31452 49.17703 -67.12740 .30556
6 -123.31425 49.17501 -66.28525 .31944
6 -123.31401 49.17274 -66.26579 .33333
6 -123.31399 49.17058 -66.34340 .34722
6 -123.31394 49.16811 -65.86677 .36111
6 -123.31399 49.16537 -64.94420 .37500
6 -123.31431 49.16284 -64.12892 .38889
6 -123.31455 49.16023 -62.82826 .40278
6 -123.31478 49.15743 -60.96794 .41667
6 -123.31485 49.15480 -59.07857 .43056
6 -123.31524 49.15229 -58.18137 .44444
6 -123.31588 49.14989 -58.78247 .45833
6 -123.31649 49.14746 -59.78401 .47222
6 -123.31735 49.14526 -60.42357 .48611
6 -123.31869 49.14330 -61.05487 .50000
6 -123.32003 49.14134 -61.68617 .51389
6 -123.32138 49.13973 -62.79266 .52778
6 -123.32254 49.13850 -63.76470 .54167
6 -123.32346 49.13735 -64.30591 .55556
6 -123.32415 49.13680 -64.13669 .56944
6 -123.32457 49.13680 -63.28500 .58333
6 -123.32499 49.13680 -62.43330 .59722
6 -123.32525 49.13718 -61.35093 .61111
6 -123.32552 49.13789 -60.10683 .62500
6 -123.32612 49.13849 -59.01045 .63889
6 -123.32663 49.13930 -57.55815 .65278
6 -123.32706 49.14031 -55.74993 .66667
6 -123.32750 49.14132 -53.94171 .68056
6 -123.32815 49.14208 -53.38819 .69444
6 -123.32912 49.14258 -54.81039 .70833
6 -123.33009 49.14308 -56.23259 .72222
6 -123.33127 49.14350 -58.46026 .73611
6 -123.33267 49.14386 -61.49341 .75000
6 -123.33408 49.14421 -64.52656 .76389
7 -123.30807 49.19026 -45.04105 .00000
7 -123.30829 49.18958 -44.90693 .01389
7 -123.30852 49.18910 -45.00019 .02778
7 -123.30875 49.18882 -45.32081 .04167
7 -123.30899 49.18854 -45.64144 .05556
7 -123.30912 49.18841 -45.74421 .06944
7 -123.30915 49.18844 -45.62915 .08333
7 -123.30918 49.18846 -45.51408 .09722
7 -123.30926 49.18844 -45.51180 .11111
7 -123.30940 49.18838 -45.62231 .12500
7 -123.30954 49.18832 -45.73281 .13889
7 -123.30972 49.18817 -45.98116 .15278
7 -123.30993 49.18795 -46.36734 .16667
7 -123.31015 49.18772 -46.75353 .18056
7 -123.31027 49.18732 -47.02124 .19444
7 -123.31029 49.18674 -47.17049 .20833
7 -123.31032 49.18616 -47.31974 .22222
7 -123.31034 49.18521 -46.65755 .23611
7 -123.31025 49.18370 -45.18701 .25000
7 -123.31021 49.18212 -43.44569 .26389
7 -123.31023 49.18030 -41.91796 .27778
7 -123.31042 49.17820 -40.56909 .29167
7 -123.31076 49.17600 -39.57651 .30556
7 -123.31103 49.17364 -39.03921 .31944
7 -123.31119 49.17099 -38.96538 .33333
7 -123.31126 49.16824 -38.67674 .34722
7 -123.31134 49.16519 -37.69990 .36111
7 -123.31134 49.16198 -36.14087 .37500
7 -123.31137 49.15878 -34.16574 .38889
7 -123.31182 49.15562 -33.27735 .40278
7 -123.31227 49.15245 -32.95109 .41667
7 -123.31317 49.14895 -32.84807 .43056
7 -123.31429 49.14564 -32.98806 .44444
7 -123.31589 49.14262 -33.02670 .45833
7 -123.31768 49.13978 -33.56703 .47222
7 -123.31916 49.13775 -34.53938 .48611
7 -123.32072 49.13636 -35.05600 .50000
7 -123.32229 49.13497 -35.58063 .51389
7 -123.32386 49.13414 -35.55756 .52778
7 -123.32525 49.13384 -34.90260 .54167
7 -123.32664 49.13353 -34.24764 .55556
7 -123.32816 49.13358 -33.92169 .56944
7 -123.32984 49.13400 -33.97659 .58333
7 -123.33153 49.13442 -34.03149 .59722
7 -123.33339 49.13495 -34.02673 .61111
7 -123.33498 49.13572 -33.98196 .62500
7 -123.33657 49.13648 -33.93718 .63889
7 -123.33835 49.13738 -34.75193 .65278
7 -123.34030 49.13831 -36.78443 .66667
7 -123.34227 49.13920 -39.13657 .68056
7 -123.34445 49.13989 -40.75320 .69444
7 -123.34657 49.14063 -41.47244 .70833
7 -123.34843 49.14152 -42.17055 .72222
8 -123.30807 49.19026 -59.00765 .00000
8 -123.30866 49.18988 -59.59150 .01389
8 -123.30912 49.18962 -59.95279 .02778
8 -123.30946 49.18946 -60.09154 .04167
8 -123.30980 49.18931 -60.23029 .05556
8 -123.31008 49.18905 -60.59077 .06944
8 -123.31031 49.18870 -61.17300 .08333
8 -123.31054 49.18835 -61.75524 .09722
8 -123.31069 49.18772 -62.37460 .11111
8 -123.31076 49.18682 -63.03110 .12500
8 -123.31082 49.18592 -63.68759 .13889
8 -123.31078 49.18475 -63.71756 .15278
8 -123.31057 49.18329 -62.84515 .16667
8 -123.31031 49.18185 -61.79467 .18056
8 -123.30995 49.18010 -60.78094 .19444
8 -123.30958 49.17824 -59.90134 .20833
8 -123.30927 49.17649 -59.07799 .22222
8 -123.30902 49.17446 -58.32618 .23611
8 -123.30889 49.17239 -57.78886 .25000
8 -123.30876 49.17033 -57.25153 .26389
8 -123.30861 49.16808 -56.26180 .27778
8 -123.30856 49.16566 -54.87966 .29167
8 -123.30857 49.16334 -53.42209 .30556
8 -123.30872 49.16102 -52.04886 .31944
8 -123.30904 49.15838 -50.51464 .33333
8 -123.30930 49.15516 -48.68484 .34722
8 -123.30970 49.15210 -47.67508 .36111
8 -123.31041 49.14922 -47.94445 .37500
8 -123.31153 49.14636 -48.35128 .38889
8 -123.31308 49.14364 -49.26738 .40278
8 -123.31473 49.14122 -49.93656 .41667
8 -123.31590 49.13908 -51.12373 .43056
8 -123.31689 49.13757 -51.83892 .44444
8 -123.31785 49.13648 -52.10395 .45833
8 -123.31883 49.13541 -52.35786 .47222
8 -123.31958 49.13490 -51.97938 .48611
8 -123.32009 49.13493 -50.96851 .50000
8 -123.32077 49.13426 -49.90588 .51389
8 -123.32131 49.13398 -50.09037 .52778
8 -123.32191 49.13410 -49.47329 .54167
8 -123.32253 49.13421 -48.81223 .55556
8 -123.32326 49.13448 -47.69063 .56944
8 -123.32412 49.13491 -46.10847 .58333
8 -123.32497 49.13534 -44.52632 .59722
8 -123.32617 49.13570 -44.77168 .61111
8 -123.32771 49.13598 -46.84455 .62500
8 -123.32926 49.13626 -48.91742 .63889
8 -123.33125 49.13674 -50.76966 .65278
8 -123.33306 49.13750 -52.21261 .66667
8 -123.33482 49.13827 -53.65838 .68056
9 -123.30807 49.19026 -77.00977 .00000
9 -123.30869 49.19048 -76.88583 .01389
9 -123.30929 49.19069 -76.94101 .02778
9 -123.30987 49.19089 -77.17532 .04167
9 -123.31045 49.19109 -77.40963 .05556
9 -123.31091 49.19108 -77.73887 .06944
9 -123.31127 49.19088 -78.16303 .08333
9 -123.31162 49.19068 -78.58719 .09722
9 -123.31171 49.19013 -78.93333 .11111
9 -123.31155 49.18924 -79.20143 .12500
9 -123.31151 49.18829 -79.37654 .13889
9 -123.31129 49.18716 -79.23508 .15278
9 -123.31085 49.18587 -78.80948 .16667
9 -123.31037 49.18456 -78.66875 .18056
9 -123.30995 49.18308 -79.41476 .19444
9 -123.30935 49.18146 -79.91640 .20833
9 -123.30875 49.17985 -80.41805 .22222
9 -123.30830 49.17838 -81.25076 .23611
9 -123.30773 49.17681 -82.34281 .25000
9 -123.30716 49.17523 -83.43486 .26389
9 -123.30680 49.17380 -84.26449 .27778
9 -123.30633 49.17222 -85.50475 .29167
9 -123.30559 49.17031 -84.86841 .30556
9 -123.30504 49.16865 -84.81933 .31944
9 -123.30452 49.16713 -85.51559 .33333
9 -123.30411 49.16564 -85.62035 .34722
9 -123.30403 49.16428 -84.44715 .36111
9 -123.30394 49.16303 -83.88840 .37500
9 -123.30386 49.16177 -83.32966 .38889
9 -123.30371 49.16070 -82.59474 .40278
9 -123.30363 49.15990 -81.89244 .41667
9 -123.30356 49.15910 -81.19014 .43056
9 -123.30354 49.15866 -80.29487 .44444
9 -123.30358 49.15860 -79.20664 .45833
9 -123.30361 49.15854 -78.11840 .47222
9 -123.30367 49.15882 -77.68011 .48611
9 -123.30376 49.15944 -77.89177 .50000
9 -123.30384 49.16005 -78.10342 .51389
9 -123.30400 49.16093 -78.02498 .52778
9 -123.30440 49.16197 -77.73917 .54167
9 -123.30468 49.16286 -78.29364 .55556
9 -123.30493 49.16383 -78.76575 .56944
9 -123.30519 49.16491 -78.85983 .58333
9 -123.30551 49.16598 -78.64262 .59722
9 -123.30569 49.16686 -78.44674 .61111
9 -123.30570 49.16758 -78.69505 .62500
9 -123.30571 49.16831 -78.94337 .63889
10 -123.30807 49.19026 -45.04105 .00000
10 -123.30812 49.19016 -45.13627 .01389
10 -123.30820 49.18999 -45.36924 .02778
10 -123.30830 49.18974 -45.73993 .04167
10 -123.30839 49.18949 -46.11062 .05556
10 -123.30842 49.18906 -46.36193 .06944
10 -123.30838 49.18847 -46.49384 .08333
10 -123.30834 49.18787 -46.62575 .09722
10 -123.30833 49.18691 -45.91437 .11111
10 -123.30837 49.18557 -44.35969 .12500
10 -123.30844 49.18423 -42.83936 .13889
10 -123.30854 49.18264 -41.30813 .15278
10 -123.30855 49.18062 -40.05884 .16667
10 -123.30866 49.17854 -38.81250 .18056
10 -123.30888 49.17614 -37.88246 .19444
10 -123.30908 49.17349 -37.50890 .20833
10 -123.30928 49.17081 -37.40127 .22222
10 -123.30936 49.16792 -37.06355 .23611
10 -123.30934 49.16473 -35.64447 .25000
10 -123.30930 49.16162 -34.08008 .26389
10 -123.30944 49.15861 -32.86776 .27778
10 -123.30993 49.15557 -32.40031 .29167
10 -123.31058 49.15241 -32.02070 .30556
10 -123.31144 49.14925 -32.31756 .31944
10 -123.31242 49.14638 -32.88615 .33333
10 -123.31389 49.14345 -32.92052 .34722
10 -123.31541 49.14115 -33.27639 .36111
10 -123.31684 49.13952 -34.04718 .37500
10 -123.31827 49.13793 -34.76870 .38889
10 -123.31946 49.13704 -34.92252 .40278
10 -123.32034 49.13670 -34.71663 .41667
10 -123.32122 49.13636 -34.51073 .43056
10 -123.32191 49.13635 -34.05326 .44444
10 -123.32241 49.13668 -33.34423 .45833
10 -123.32291 49.13701 -32.63519 .47222
10 -123.32349 49.13746 -31.86131 .48611
10 -123.32422 49.13801 -31.01911 .50000
10 -123.32528 49.13849 -30.32457 .51389
10 -123.32676 49.13909 -31.08062 .52778
10 -123.32860 49.13947 -33.42065 .54167
10 -123.33045 49.13986 -35.76272 .55556
10 -123.33209 49.14052 -37.61536 .56944
10 -123.33368 49.14136 -39.44891 .58333
10 -123.33568 49.14198 -40.87462 .59722
11 -123.30807 49.19026 -59.00765 .00000
11 -123.30838 49.18934 -59.61781 .01389
11 -123.30847 49.18808 -59.86496 .02778
11 -123.30835 49.18649 -59.74911 .04167
11 -123.30821 49.18489 -59.60634 .05556
11 -123.30792 49.18302 -58.83234 .06944
11 -123.30764 49.18090 -57.61627 .08333
11 -123.30733 49.17893 -56.21241 .09722
11 -123.30703 49.17678 -54.35282 .11111
11 -123.30668 49.17454 -52.07632 .12500
11 -123.30663 49.17242 -49.87055 .13889
11 -123.30684 49.16993 -48.98122 .15278
11 -123.30689 49.16711 -47.55202 .16667
11 -123.30690 49.16429 -46.24123 .18056
11 -123.30687 49.16144 -45.07044 .19444
11 -123.30709 49.15847 -43.80080 .20833
11 -123.30739 49.15531 -42.31348 .22222
11 -123.30776 49.15234 -41.20925 .23611
11 -123.30841 49.14960 -40.47140 .25000
11 -123.30959 49.14684 -40.67957 .26389
11 -123.31109 49.14425 -40.87515 .27778
11 -123.31265 49.14190 -40.99104 .29167
11 -123.31378 49.13980 -42.18981 .30556
11 -123.31492 49.13800 -43.32757 .31944
11 -123.31605 49.13660 -44.03116 .33333
11 -123.31727 49.13501 -44.37928 .34722
11 -123.31835 49.13388 -44.61540 .36111
11 -123.31910 49.13331 -45.31988 .37500
11 -123.31984 49.13273 -46.02435 .38889
11 -123.32048 49.13259 -45.87482 .40278
11 -123.32094 49.13282 -45.13104 .41667
11 -123.32140 49.13305 -44.38725 .43056
11 -123.32192 49.13342 -43.29561 .44444
11 -123.32263 49.13390 -41.89913 .45833
11 -123.32346 49.13432 -40.54837 .47222
11 -123.32467 49.13471 -40.86265 .48611
11 -123.32626 49.13505 -42.84197 .50000
11 -123.32784 49.13539 -44.82128 .51389
11 -123.32934 49.13600 -47.04445 .52778
11 -123.33130 49.13678 -48.68488 .54167
11 -123.33340 49.13757 -50.09608 .55556
12 -123.30807 49.19026 -77.00977 .00000
12 -123.30814 49.18927 -77.04753 .01389
12 -123.30805 49.18812 -76.67928 .02778
12 -123.30779 49.18681 -75.90501 .04167
12 -123.30752 49.18549 -75.13074 .05556
12 -123.30719 49.18407 -75.08039 .06944
12 -123.30664 49.18249 -75.29584 .08333
12 -123.30610 49.18092 -75.51130 .09722
12 -123.30574 49.17941 -75.55242 .11111
12 -123.30529 49.17783 -75.16200 .12500
12 -123.30485 49.17625 -74.77157 .13889
12 -123.30456 49.17485 -74.42393 .15278
12 -123.30424 49.17344 -74.10806 .16667
12 -123.30392 49.17204 -73.79220 .18056
12 -123.30357 49.17078 -73.28957 .19444
12 -123.30317 49.16970 -72.73113 .20833
12 -123.30277 49.16861 -72.17268 .22222
12 -123.30235 49.16767 -71.33277 .23611
12 -123.30178 49.16654 -70.38754 .25000
12 -123.30162 49.16530 -70.02832 .26389
12 -123.30145 49.16434 -69.08142 .27778
12 -123.30128 49.16365 -67.54683 .29167
12 -123.30144 49.16300 -66.00456 .30556
12 -123.30166 49.16269 -64.27790 .31944
12 -123.30179 49.16271 -62.37048 .33333
12 -123.30191 49.16273 -60.46307 .34722
12 -123.30194 49.16303 -59.33153 .36111
12 -123.30187 49.16359 -58.97588 .37500
12 -123.30179 49.16416 -58.62022 .38889
12 -123.30164 49.16486 -58.96363 .40278
12 -123.30142 49.16569 -60.00611 .41667
12 -123.30127 49.16662 -61.13769 .43056
12 -123.30156 49.16794 -62.23846 .44444
12 -123.30181 49.16920 -63.14473 .45833
12 -123.30206 49.17046 -64.05100 .47222
12 -123.30199 49.17141 -63.97649 .48611
12 -123.30158 49.17204 -62.92120 .50000
12 -123.30113 49.17264 -63.44238 .51389
13 -123.30807 49.19026 -45.04105 .00000
13 -123.30808 49.18884 -43.41969 .01389
13 -123.30822 49.18720 -41.97400 .02778
13 -123.30848 49.18534 -40.70398 .04167
13 -123.30866 49.18354 -39.12137 .05556
13 -123.30855 49.18119 -37.96893 .06944
13 -123.30862 49.17859 -37.21891 .08333
13 -123.30877 49.17595 -36.57525 .09722
13 -123.30889 49.17314 -35.95567 .11111
13 -123.30896 49.17014 -35.27571 .12500
13 -123.30896 49.16707 -34.61542 .13889
13 -123.30899 49.16383 -33.33540 .15278
13 -123.30898 49.16077 -31.77896 .16667
13 -123.30915 49.15745 -30.81275 .18056
13 -123.30961 49.15412 -30.24961 .19444
13 -123.31019 49.15100 -30.52625 .20833
13 -123.31086 49.14794 -31.29308 .22222
13 -123.31181 49.14554 -32.14006 .23611
13 -123.31279 49.14363 -32.83924 .25000
13 -123.31380 49.14171 -33.60237 .26389
13 -123.31499 49.14047 -34.00453 .27778
13 -123.31589 49.13970 -33.91970 .29167
13 -123.31678 49.13894 -33.83488 .30556
13 -123.31735 49.13856 -33.55524 .31944
13 -123.31759 49.13856 -33.08078 .33333
13 -123.31783 49.13855 -32.60633 .34722
13 -123.31817 49.13875 -32.29002 .36111
13 -123.31860 49.13917 -32.13187 .37500
13 -123.31903 49.13958 -31.97371 .38889
13 -123.32006 49.13991 -32.59179 .40278
13 -123.32190 49.14011 -34.17747 .41667
13 -123.32373 49.14032 -35.76315 .43056
13 -123.32540 49.14073 -37.63742 .44444
13 -123.32698 49.14122 -39.86807 .45833
13 -123.32899 49.14170 -41.60369 .47222
14 -123.30807 49.19026 -59.00765 .00000
14 -123.30770 49.18778 -58.32446 .01389
14 -123.30722 49.18507 -57.37248 .02778
14 -123.30641 49.18217 -55.06280 .04167
14 -123.30586 49.17923 -52.86877 .05556
14 -123.30552 49.17628 -51.06068 .06944
14 -123.30515 49.17343 -49.67529 .08333
14 -123.30479 49.17059 -48.37175 .09722
14 -123.30461 49.16768 -46.22611 .11111
14 -123.30445 49.16475 -44.95887 .12500
14 -123.30432 49.16197 -44.66385 .13889
14 -123.30470 49.15935 -44.01284 .15278
14 -123.30541 49.15695 -43.72113 .16667
14 -123.30603 49.15449 -43.57251 .18056
14 -123.30660 49.15243 -44.05089 .19444
14 -123.30724 49.15075 -44.57247 .20833
14 -123.30787 49.14900 -45.08429 .22222
14 -123.30849 49.14764 -45.13083 .23611
14 -123.30916 49.14669 -44.99927 .25000
14 -123.30982 49.14574 -44.86770 .26389
14 -123.31044 49.14513 -45.12849 .27778
14 -123.31097 49.14482 -45.26064 .29167
14 -123.31150 49.14450 -45.39279 .30556
14 -123.31197 49.14439 -45.06361 .31944
14 -123.31238 49.14448 -44.27310 .33333
14 -123.31280 49.14457 -43.48259 .34722
14 -123.31340 49.14459 -43.39670 .36111
14 -123.31419 49.14454 -44.01544 .37500
14 -123.31499 49.14449 -44.63418 .38889
14 -123.31604 49.14434 -45.55696 .40278
14 -123.31749 49.14422 -48.07279 .41667
14 -123.31898 49.14415 -51.04507 .43056
15 -123.30807 49.19026 -77.00977 .00000
15 -123.30747 49.18789 -76.12558 .01389
15 -123.30676 49.18550 -75.42753 .02778
15 -123.30616 49.18331 -74.78814 .04167
15 -123.30556 49.18112 -74.14875 .05556
15 -123.30507 49.17950 -73.97193 .06944
15 -123.30462 49.17786 -73.09582 .08333
15 -123.30383 49.17585 -71.31356 .09722
15 -123.30313 49.17441 -69.49848 .11111
15 -123.30260 49.17333 -67.81080 .12500
15 -123.30245 49.17189 -66.19468 .13889
15 -123.30245 49.17082 -65.33812 .15278
15 -123.30249 49.17025 -64.71699 .16667
15 -123.30252 49.16969 -64.09587 .18056
15 -123.30251 49.16950 -63.45775 .19444
15 -123.30244 49.16969 -62.80262 .20833
15 -123.30238 49.16988 -62.14749 .22222
15 -123.30210 49.17035 -61.51291 .23611
15 -123.30159 49.17111 -60.89887 .25000
15 -123.30108 49.17187 -60.28483 .26389
15 -123.30083 49.17268 -60.65683 .27778
15 -123.30096 49.17349 -62.04917 .29167
15 -123.30117 49.17439 -63.47456 .30556
15 -123.30162 49.17576 -65.32132 .31944
15 -123.30203 49.17713 -67.31774 .33333
15 -123.30218 49.17801 -67.93384 .34722
15 -123.30221 49.17866 -67.76990 .36111
15 -123.30214 49.17922 -66.84178 .37500
15 -123.30216 49.18020 -65.96395 .38889
16 -123.30807 49.19026 -45.04105 .00000
16 -123.30829 49.18762 -43.95494 .01389
16 -123.30843 49.18486 -42.83979 .02778
16 -123.30791 49.18211 -41.12530 .04167
16 -123.30773 49.17973 -39.58147 .05556
16 -123.30769 49.17733 -39.14885 .06944
16 -123.30767 49.17500 -39.15999 .08333
16 -123.30762 49.17262 -39.40479 .09722
16 -123.30752 49.17061 -39.31416 .11111
16 -123.30765 49.16868 -38.98288 .12500
16 -123.30811 49.16664 -38.56967 .13889
16 -123.30867 49.16486 -38.21429 .15278
16 -123.30928 49.16352 -37.89595 .16667
16 -123.30980 49.16223 -37.19926 .18056
16 -123.31018 49.16122 -36.64564 .19444
16 -123.31042 49.16052 -36.67611 .20833
16 -123.31067 49.15983 -36.91768 .22222
16 -123.31086 49.15935 -37.13923 .23611
16 -123.31098 49.15907 -37.34076 .25000
16 -123.31110 49.15879 -37.54229 .26389
16 -123.31136 49.15858 -37.83557 .27778
16 -123.31177 49.15843 -38.22061 .29167
16 -123.31218 49.15829 -38.60565 .30556
16 -123.31274 49.15798 -39.14575 .31944
16 -123.31311 49.15751 -39.72687 .33333
16 -123.31369 49.15698 -39.91913 .34722
17 -123.30807 49.19026 -59.00765 .00000
17 -123.30830 49.18766 -57.32791 .01389
17 -123.30836 49.18523 -55.76138 .02778
17 -123.30812 49.18305 -54.25714 .04167
17 -123.30803 49.18106 -53.21818 .05556
17 -123.30818 49.17953 -52.15258 .06944
17 -123.30841 49.17826 -50.71263 .08333
17 -123.30855 49.17658 -49.42428 .09722
17 -123.30872 49.17515 -48.43767 .11111
17 -123.30914 49.17430 -47.93417 .12500
17 -123.30935 49.17348 -47.12424 .13889
17 -123.30947 49.17283 -46.80251 .15278
17 -123.30951 49.17235 -46.96897 .16667
17 -123.30954 49.17188 -47.13544 .18056
17 -123.30954 49.17155 -47.41829 .19444
17 -123.30948 49.17137 -47.81754 .20833
17 -123.30943 49.17119 -48.21678 .22222
17 -123.30955 49.17113 -48.34507 .23611
17 -123.30984 49.17119 -48.20241 .25000
17 -123.31013 49.17126 -48.05975 .26389
17 -123.31040 49.17121 -48.73672 .27778
17 -123.31067 49.17106 -50.23334 .29167
17 -123.31073 49.17111 -51.76898 .30556
18 -123.30807 49.19026 -77.00977 .00000
18 -123.30720 49.18863 -75.68396 .01389
18 -123.30648 49.18739 -74.32288 .02778
18 -123.30589 49.18653 -72.92653 .04167
18 -123.30550 49.18562 -71.59822 .05556
18 -123.30541 49.18500 -70.68132 .06944
18 -123.30533 49.18476 -70.07836 .08333
18 -123.30526 49.18452 -69.47541 .09722
18 -123.30514 49.18452 -69.10025 .11111
18 -123.30497 49.18477 -68.95291 .12500
18 -123.30480 49.18502 -68.80557 .13889
18 -123.30481 49.18542 -68.99581 .15278
18 -123.30499 49.18599 -69.52364 .16667
18 -123.30511 49.18658 -70.30609 .18056
18 -123.30543 49.18741 -70.71217 .19444
18 -123.30594 49.18841 -70.63903 .20833
18 -123.30645 49.18942 -70.56588 .22222
18 -123.30696 49.19033 -70.61289 .23611
18 -123.30764 49.19120 -71.72003 .25000
18 -123.30840 49.19207 -73.27096 .26389
19 -123.30807 49.19026 -45.04105 .00000
19 -123.30846 49.18881 -44.57622 .01389
19 -123.30875 49.18757 -44.02198 .02778
19 -123.30894 49.18654 -43.37832 .04167
19 -123.30912 49.18551 -42.73465 .05556
19 -123.30925 49.18467 -42.45916 .06944
19 -123.30934 49.18401 -42.39425 .08333
19 -123.30959 49.18356 -43.00620 .09722
19 -123.30986 49.18328 -43.46462 .11111
19 -123.31008 49.18310 -43.50421 .12500
19 -123.31030 49.18292 -43.54380 .13889
19 -123.31059 49.18284 -43.59629 .15278
19 -123.31095 49.18288 -43.66167 .16667
19 -123.31130 49.18292 -43.72705 .18056
19 -123.31169 49.18285 -44.62660 .19444
19 -123.31212 49.18268 -46.36034 .20833
19 -123.31255 49.18251 -48.09408 .22222
20 -123.30807 49.19026 -59.00765 .00000
20 -123.30856 49.18970 -58.10293 .01389
20 -123.30906 49.18945 -57.64164 .02778
20 -123.30957 49.18951 -57.62379 .04167
20 -123.31003 49.18959 -57.60651 .05556
20 -123.31027 49.18994 -57.69610 .06944
20 -123.31058 49.19045 -57.88992 .08333
20 -123.31088 49.19097 -58.08373 .09722
20 -123.31120 49.19154 -58.21031 .11111
20 -123.31152 49.19216 -58.26965 .12500
20 -123.31184 49.19279 -58.32900 .13889
20 -123.31210 49.19334 -59.14862 .15278
20 -123.31230 49.19383 -60.72853 .16667
20 -123.31273 49.19420 -62.16325 .18056
21 -123.30807 49.19026 -77.00977 .00000
21 -123.30839 49.19056 -76.77841 .01389
21 -123.30892 49.19109 -76.88825 .02778
21 -123.30966 49.19186 -77.33929 .04167
21 -123.31039 49.19262 -77.79032 .05556
21 -123.31125 49.19354 -78.26487 .06944
21 -123.31201 49.19474 -78.67199 .08333
21 -123.31261 49.19615 -78.16616 .09722
21 -123.31322 49.19752 -78.36522 .11111
21 -123.31383 49.19883 -79.66712 .12500
21 -123.31444 49.20015 -81.65143 .13889
22 -123.30807 49.19026 -45.04105 .00000
22 -123.30843 49.18999 -45.12594 .01389
22 -123.30878 49.18978 -45.05551 .02778
22 -123.30912 49.18963 -44.82974 .04167
22 -123.30946 49.18947 -44.60397 .05556
22 -123.30984 49.18925 -45.14025 .06944
22 -123.31026 49.18897 -46.43858 .08333
22 -123.31068 49.18868 -47.73692 .09722
23 -123.30807 49.19026 -59.00765 .00000
23 -123.30861 49.19110 -59.40407 .01389
23 -123.30900 49.19181 -60.59541 .02778
23 -123.30925 49.19238 -62.58168 .04167
23 -123.30950 49.19296 -64.56795 .05556
24 -123.30807 49.19026 -77.00977 .00000
24 -123.30869 49.19089 -78.33399 .01389
