1 -123.30807 49.19026 -45.04105 .00000
1 -123.30818 49.18898 -46.99928 .01389
1 -123.30839 49.18772 -48.37800 .02778
1 -123.30871 49.18646 -49.17722 .04167
1 -123.30903 49.18521 -49.97644 .05556
1 -123.30937 49.18399 -50.50776 .06944
1 -123.30970 49.18268 -50.83484 .08333
1 -123.30987 49.18086 -51.15973 .09722
1 -123.30990 49.17859 -51.43317 .11111
1 -123.30992 49.17626 -51.58182 .12500
1 -123.31003 49.17396 -51.64121 .13889
1 -123.31025 49.17180 -51.67659 .15278
1 -123.31064 49.16968 -52.56426 .16667
1 -123.31120 49.16779 -52.94282 .18056
1 -123.31177 49.16588 -53.30436 .19444
1 -123.31240 49.16389 -53.84895 .20833
1 -123.31313 49.16189 -54.11982 .22222
1 -123.31423 49.16026 -54.11190 .23611
1 -123.31569 49.15899 -53.76706 .25000
1 -123.31756 49.15792 -53.53934 .26389
1 -123.31940 49.15707 -53.40041 .27778
1 -123.32118 49.15623 -54.27273 .29167
1 -123.32292 49.15522 -55.96414 .30556
1 -123.32451 49.15446 -57.41230 .31944
1 -123.32629 49.15415 -57.57341 .33333
1 -123.32821 49.15393 -57.28420 .34722
1 -123.32992 49.15382 -56.84236 .36111
1 -123.33141 49.15382 -56.25695 .37500
1 -123.33310 49.15385 -55.88818 .38889
1 -123.33461 49.15369 -54.92565 .40278
1 -123.33595 49.15334 -53.36937 .41667
1 -123.33729 49.15299 -51.81308 .43056
1 -123.33837 49.15196 -50.64303 .44444
1 -123.33885 49.14980 -49.62492 .45833
1 -123.33940 49.14759 -48.59772 .47222
1 -123.34040 49.14499 -48.34450 .48611
1 -123.34155 49.14217 -48.42964 .50000
1 -123.34356 49.13932 -48.52649 .51389
1 -123.34565 49.13638 -49.11564 .52778
1 -123.34825 49.13330 -50.28255 .54167
1 -123.35129 49.13021 -50.31996 .55556
1 -123.35424 49.12706 -50.77047 .56944
1 -123.35617 49.12370 -52.94179 .58333
1 -123.35819 49.12036 -54.98442 .59722
1 -123.36053 49.11705 -55.38006 .61111
1 -123.36262 49.11369 -56.29477 .62500
1 -123.36524 49.11053 -57.68923 .63889
1 -123.36741 49.10755 -58.36710 .65278
1 -123.36924 49.10493 -57.75023 .66667
1 -123.37120 49.10260 -57.15322 .68056
1 -123.37313 49.10039 -56.71494 .69444
1 -123.37496 49.09825 -57.15605 .70833
1 -123.37681 49.09621 -57.97951 .72222
1 -123.37897 49.09446 -57.81596 .73611
1 -123.38151 49.09298 -56.91476 .75000
1 -123.38405 49.09206 -56.48938 .76389
1 -123.38707 49.09162 -54.44607 .77778
1 -123.39053 49.09191 -53.73346 .79167
1 -123.39402 49.09219 -53.01735 .80556
1 -123.39835 49.09285 -52.10132 .81944
1 -123.40277 49.09392 -51.45713 .83333
1 -123.40751 49.09484 -51.44809 .84722
1 -123.41216 49.09597 -52.22657 .86111
1 -123.41740 49.09678 -53.96506 .87500
1 -123.42264 49.09771 -56.23363 .88889
1 -123.42773 49.09857 -58.35239 .90278
1 -123.43241 49.09929 -60.59937 .91667
1 -123.43763 49.09996 -64.16024 .93056
1 -123.44278 49.10067 -67.98081 .94444
1 -123.44836 49.10109 -69.30785 .95833
1 -123.45375 49.10137 -70.73969 .97222
2 -123.30807 49.19026 -59.00765 .00000
2 -123.30832 49.18838 -60.16779 .01389
2 -123.30839 49.18636 -61.08387 .02778
2 -123.30833 49.18420 -61.77757 .04167
2 -123.30836 49.18206 -62.44217 .05556
2 -123.30837 49.17978 -63.05280 .06944
2 -123.30839 49.17749 -63.50441 .08333
2 -123.30841 49.17521 -63.95601 .09722
2 -123.30853 49.17303 -64.83434 .11111
2 -123.30879 49.17089 -66.83684 .12500
2 -123.30918 49.16891 -68.82751 .13889
2 -123.30930 49.16698 -69.37015 .15278
2 -123.30936 49.16493 -69.15803 .16667
2 -123.30958 49.16291 -69.53602 .18056
2 -123.31008 49.16108 -70.48363 .19444
2 -123.31083 49.15932 -71.90059 .20833
2 -123.31160 49.15759 -72.59979 .22222
2 -123.31229 49.15596 -71.42370 .23611
2 -123.31300 49.15438 -70.51768 .25000
2 -123.31373 49.15280 -69.89106 .26389
2 -123.31463 49.15143 -69.81904 .27778
2 -123.31577 49.15031 -70.07642 .29167
2 -123.31698 49.14926 -70.16317 .30556
2 -123.31838 49.14853 -69.74636 .31944
2 -123.31999 49.14814 -68.77900 .33333
2 -123.32163 49.14778 -67.55809 .34722
2 -123.32291 49.14719 -66.32861 .36111
2 -123.32398 49.14640 -65.10759 .37500
2 -123.32506 49.14555 -63.82256 .38889
2 -123.32629 49.14449 -62.39255 .40278
2 -123.32767 49.14330 -60.90453 .41667
2 -123.32904 49.14204 -59.45036 .43056
2 -123.33025 49.14055 -58.71086 .44444
2 -123.33123 49.13895 -58.60908 .45833
2 -123.33224 49.13723 -58.50921 .47222
2 -123.33321 49.13508 -58.14854 .48611
2 -123.33441 49.13246 -57.30947 .50000
2 -123.33573 49.12972 -56.65082 .51389
2 -123.33701 49.12658 -56.78330 .52778
2 -123.33828 49.12307 -57.64659 .54167
2 -123.33997 49.11962 -57.80261 .55556
2 -123.34172 49.11577 -57.84393 .56944
2 -123.34257 49.11197 -58.03316 .58333
2 -123.34385 49.10824 -58.66378 .59722
2 -123.34534 49.10438 -59.16164 .61111
2 -123.34618 49.10073 -60.31391 .62500
2 -123.34663 49.09741 -61.16574 .63889
2 -123.34717 49.09449 -61.68730 .65278
2 -123.34790 49.09196 -60.12981 .66667
2 -123.34856 49.08955 -57.65337 .68056
2 -123.34980 49.08745 -57.09881 .69444
2 -123.35130 49.08589 -59.11436 .70833
2 -123.35281 49.08433 -61.12990 .72222
2 -123.35449 49.08364 -61.82343 .73611
2 -123.35640 49.08379 -61.28585 .75000
2 -123.35831 49.08394 -60.74827 .76389
2 -123.36071 49.08485 -59.58176 .77778
2 -123.36336 49.08614 -59.22166 .79167
2 -123.36619 49.08733 -58.80525 .80556
2 -123.36951 49.08882 -59.62162 .81944
2 -123.37299 49.09071 -62.47834 .83333
2 -123.37702 49.09234 -65.15736 .84722
2 -123.38117 49.09419 -67.19065 .86111
2 -123.38413 49.09628 -69.09406 .87500
2 -123.38716 49.09835 -71.79717 .88889
2 -123.39033 49.10011 -73.43928 .90278
2 -123.39359 49.10156 -73.95773 .91667
2 -123.39707 49.10282 -75.26613 .93056
3 -123.30807 49.19026 -77.00977 .00000
3 -123.30838 49.18834 -77.89531 .01389
3 -123.30859 49.18631 -78.56470 .02778
3 -123.30869 49.18417 -79.11517 .04167
3 -123.30877 49.18200 -80.07143 .05556
3 -123.30874 49.17977 -80.51452 .06944
3 -123.30882 49.17775 -80.07646 .08333
3 -123.30890 49.17573 -79.63562 .09722
3 -123.30903 49.17363 -79.41560 .11111
3 -123.30921 49.17155 -78.79426 .12500
3 -123.30939 49.16946 -78.17292 .13889
3 -123.30938 49.16752 -77.72825 .15278
3 -123.30949 49.16558 -77.70853 .16667
3 -123.30965 49.16367 -77.94159 .18056
3 -123.31005 49.16203 -78.51953 .19444
3 -123.31052 49.16050 -77.97697 .20833
3 -123.31104 49.15888 -76.82123 .22222
3 -123.31159 49.15740 -76.17477 .23611
3 -123.31221 49.15607 -76.20432 .25000
3 -123.31302 49.15482 -76.36136 .26389
3 -123.31424 49.15383 -76.46538 .27778
3 -123.31576 49.15304 -76.44329 .29167
3 -123.31736 49.15229 -76.06023 .30556
3 -123.31918 49.15170 -74.97212 .31944
3 -123.32111 49.15122 -73.70522 .33333
3 -123.32294 49.15057 -72.47859 .34722
3 -123.32460 49.14955 -71.14963 .36111
3 -123.32620 49.14832 -69.67609 .37500
3 -123.32788 49.14712 -67.50628 .38889
3 -123.32903 49.14574 -66.07841 .40278
3 -123.33008 49.14403 -65.30487 .41667
3 -123.33137 49.14229 -65.20635 .43056
3 -123.33252 49.14018 -64.53436 .44444
3 -123.33339 49.13773 -63.53104 .45833
3 -123.33428 49.13526 -62.64480 .47222
3 -123.33532 49.13222 -62.27612 .48611
3 -123.33640 49.12863 -62.54033 .50000
3 -123.33764 49.12511 -63.03738 .51389
3 -123.33916 49.12117 -63.40487 .52778
3 -123.34140 49.11666 -63.15164 .54167
3 -123.34234 49.11282 -63.71575 .55556
3 -123.34353 49.10880 -64.10954 .56944
3 -123.34505 49.10463 -64.35931 .58333
3 -123.34590 49.10097 -65.65092 .59722
3 -123.34674 49.09761 -66.96863 .61111
3 -123.34852 49.09432 -68.35498 .62500
3 -123.35014 49.09156 -66.22703 .63889
3 -123.35156 49.08950 -64.82019 .65278
3 -123.35368 49.08771 -66.40329 .66667
3 -123.35633 49.08617 -68.21539 .68056
3 -123.35954 49.08560 -69.75167 .69444
3 -123.36300 49.08611 -69.78903 .70833
3 -123.36662 49.08692 -68.58606 .72222
3 -123.37020 49.08789 -66.21812 .73611
3 -123.37384 49.08911 -67.13917 .75000
3 -123.37806 49.09034 -66.48063 .76389
3 -123.38183 49.09190 -68.11634 .77778
3 -123.38486 49.09444 -71.33231 .79167
3 -123.38800 49.09710 -73.76892 .80556
3 -123.39129 49.09936 -76.36650 .81944
3 -123.39478 49.10113 -79.65091 .83333
3 -123.39850 49.10301 -82.93882 .84722
3 -123.40240 49.10453 -85.33088 .86111
3 -123.40682 49.10543 -86.83146 .87500
3 -123.40997 49.10694 -87.52288 .88889
4 -123.30807 49.19026 -45.04105 .00000
4 -123.30830 49.18894 -45.34119 .01389
4 -123.30860 49.18785 -45.62317 .02778
4 -123.30899 49.18700 -45.88700 .04167
4 -123.30937 49.18614 -46.15082 .05556
4 -123.30972 49.18525 -46.26108 .06944
4 -123.31002 49.18433 -46.28746 .08333
4 -123.31034 49.18342 -46.52903 .09722
4 -123.31074 49.18288 -46.42748 .11111
4 -123.31124 49.18272 -45.98282 .12500
4 -123.31173 49.18256 -45.53816 .13889
4 -123.31226 49.18261 -45.64803 .15278
4 -123.31281 49.18286 -46.31243 .16667
4 -123.31337 49.18311 -46.97683 .18056
4 -123.31403 49.18342 -46.98898 .19444
4 -123.31471 49.18386 -46.77926 .20833
4 -123.31539 49.18429 -46.56954 .22222
4 -123.31604 49.18477 -46.53497 .23611
4 -123.31664 49.18528 -46.67553 .25000
4 -123.31725 49.18579 -46.81610 .26389
4 -123.31788 49.18641 -46.78294 .27778
4 -123.31855 49.18709 -46.71342 .29167
4 -123.31922 49.18775 -46.70117 .30556
4 -123.31979 49.18835 -46.67845 .31944
4 -123.32026 49.18888 -46.64526 .33333
4 -123.32073 49.18941 -46.61206 .34722
4 -123.32082 49.18957 -46.09010 .36111
4 -123.32052 49.18938 -45.07936 .37500
4 -123.32023 49.18919 -44.06861 .38889
4 -123.31951 49.18848 -42.95010 .40278
4 -123.31837 49.18726 -41.72382 .41667
4 -123.31731 49.18598 -40.44978 .43056
4 -123.31598 49.18422 -39.71034 .44444
4 -123.31439 49.18200 -39.67651 .45833
4 -123.31294 49.17963 -39.80251 .47222
4 -123.31148 49.17683 -39.96535 .48611
4 -123.31004 49.17359 -40.19723 .50000
4 -123.30870 49.17023 -39.97136 .51389
4 -123.30788 49.16672 -39.03964 .52778
4 -123.30851 49.16384 -38.59196 .54167
4 -123.30892 49.16095 -37.65286 .55556
4 -123.30946 49.15806 -36.93451 .56944
4 -123.31009 49.15508 -35.86359 .58333
4 -123.31076 49.15198 -35.27146 .59722
4 -123.31169 49.14904 -35.59672 .61111
4 -123.31288 49.14646 -36.50713 .62500
4 -123.31414 49.14397 -37.79555 .63889
4 -123.31550 49.14221 -38.79127 .65278
4 -123.31706 49.14075 -39.32038 .66667
4 -123.31876 49.13856 -40.25725 .68056
4 -123.32057 49.13727 -40.86410 .69444
4 -123.32227 49.13661 -41.03708 .70833
4 -123.32395 49.13602 -40.85692 .72222
4 -123.32558 49.13577 -40.36776 .73611
4 -123.32718 49.13577 -39.94225 .75000
4 -123.32878 49.13578 -39.51673 .76389
4 -123.33030 49.13592 -40.22734 .77778
4 -123.33177 49.13619 -41.61047 .79167
4 -123.33323 49.13645 -42.99360 .80556
4 -123.33473 49.13710 -44.56923 .81944
4 -123.33626 49.13814 -46.33734 .83333
4 -123.33787 49.13906 -48.12944 .84722
5 -123.30807 49.19026 -59.00765 .00000
5 -123.30836 49.18779 -59.02244 .01389
5 -123.30859 49.18531 -58.77054 .02778
5 -123.30871 49.18288 -59.08760 .04167
5 -123.30899 49.18058 -59.74062 .05556
5 -123.30944 49.17849 -59.91342 .06944
5 -123.31005 49.17657 -59.42096 .08333
5 -123.31073 49.17452 -58.82654 .09722
5 -123.31138 49.17257 -58.42464 .11111
5 -123.31212 49.17072 -58.13709 .12500
5 -123.31316 49.16898 -57.24179 .13889
5 -123.31451 49.16759 -56.23434 .15278
5 -123.31619 49.16665 -55.38336 .16667
5 -123.31786 49.16583 -54.87594 .18056
5 -123.31955 49.16524 -54.88327 .19444
5 -123.32126 49.16490 -55.31568 .20833
5 -123.32337 49.16438 -55.85316 .22222
5 -123.32531 49.16395 -56.11690 .23611
5 -123.32714 49.16371 -55.53709 .25000
5 -123.32902 49.16357 -54.31977 .26389
5 -123.33055 49.16324 -53.51259 .27778
5 -123.33174 49.16274 -53.11556 .29167
5 -123.33268 49.16187 -52.90356 .30556
5 -123.33326 49.16056 -52.61766 .31944
5 -123.33342 49.15897 -51.64963 .33333
5 -123.33377 49.15724 -50.69190 .34722
5 -123.33434 49.15495 -49.76495 .36111
5 -123.33495 49.15222 -48.69624 .37500
5 -123.33560 49.14942 -47.85640 .38889
5 -123.33632 49.14608 -47.55288 .40278
5 -123.33703 49.14250 -47.31551 .41667
5 -123.33805 49.13907 -47.29923 .43056
5 -123.33911 49.13527 -48.19484 .44444
5 -123.34031 49.13119 -49.75809 .45833
5 -123.34216 49.12748 -50.91088 .47222
5 -123.34290 49.12334 -52.01061 .48611
5 -123.34395 49.11900 -52.89619 .50000
5 -123.34593 49.11449 -54.03178 .51389
5 -123.34748 49.11059 -54.50432 .52778
5 -123.34935 49.10690 -54.22367 .54167
5 -123.35156 49.10319 -54.20359 .55556
5 -123.35363 49.10018 -55.45323 .56944
5 -123.35599 49.09785 -55.51260 .58333
5 -123.35829 49.09553 -55.02389 .59722
5 -123.36101 49.09392 -54.61691 .61111
5 -123.36439 49.09281 -55.91795 .62500
5 -123.36794 49.09180 -56.99715 .63889
5 -123.37212 49.09182 -55.57862 .65278
5 -123.37658 49.09256 -53.70863 .66667
5 -123.38109 49.09333 -51.50202 .68056
5 -123.38589 49.09442 -52.18734 .69444
5 -123.39087 49.09572 -54.11456 .70833
5 -123.39585 49.09715 -55.10391 .72222
5 -123.40090 49.09868 -57.80135 .73611
5 -123.40620 49.10031 -62.59326 .75000
5 -123.41143 49.10187 -67.56697 .76389
5 -123.41618 49.10336 -71.04415 .77778
5 -123.42114 49.10424 -72.61604 .79167
5 -123.42620 49.10502 -73.77270 .80556
6 -123.30807 49.19026 -77.00977 .00000
6 -123.30782 49.18822 -76.98462 .01389
6 -123.30762 49.18614 -77.40296 .02778
6 -123.30764 49.18408 -78.65108 .04167
6 -123.30778 49.18207 -80.15313 .05556
6 -123.30775 49.17990 -80.39580 .06944
6 -123.30752 49.17791 -79.51155 .08333
6 -123.30729 49.17593 -78.62730 .09722
6 -123.30744 49.17418 -78.16585 .11111
6 -123.30790 49.17247 -78.36570 .12500
6 -123.30836 49.17070 -78.74743 .13889
6 -123.30888 49.16916 -78.78871 .15278
6 -123.30924 49.16797 -78.16998 .16667
6 -123.30962 49.16661 -78.27372 .18056
6 -123.31017 49.16516 -77.80135 .19444
6 -123.31087 49.16365 -76.64409 .20833
6 -123.31155 49.16225 -75.49217 .22222
6 -123.31235 49.16070 -74.06013 .23611
6 -123.31334 49.15916 -72.38016 .25000
6 -123.31435 49.15763 -70.64748 .26389
6 -123.31534 49.15614 -68.18466 .27778
6 -123.31567 49.15465 -65.81533 .29167
6 -123.31577 49.15325 -63.52163 .30556
6 -123.31577 49.15150 -61.85216 .31944
6 -123.31578 49.14931 -61.48804 .33333
6 -123.31580 49.14713 -61.13757 .34722
6 -123.31596 49.14469 -61.02189 .36111
6 -123.31626 49.14186 -60.96599 .37500
6 -123.31664 49.13922 -60.66080 .38889
6 -123.31728 49.13630 -60.00597 .40278
6 -123.31831 49.13288 -60.13403 .41667
6 -123.31945 49.12934 -60.42164 .43056
6 -123.32034 49.12589 -60.59329 .44444
6 -123.32198 49.12220 -61.82571 .45833
6 -123.32344 49.11861 -63.15069 .47222
6 -123.32574 49.11454 -65.05229 .48611
6 -123.32799 49.11046 -66.73701 .50000
6 -123.32943 49.10729 -69.51121 .51389
6 -123.33078 49.10502 -71.08908 .52778
6 -123.33217 49.10369 -70.47396 .54167
6 -123.33353 49.10241 -69.90652 .55556
6 -123.33473 49.10182 -69.12702 .56944
6 -123.33559 49.10167 -68.45163 .58333
6 -123.33645 49.10153 -67.77625 .59722
6 -123.33716 49.10173 -68.54930 .61111
6 -123.33774 49.10227 -70.77080 .62500
6 -123.33879 49.10261 -72.10732 .63889
6 -123.34002 49.10297 -73.93356 .65278
6 -123.34140 49.10337 -76.30328 .66667
6 -123.34277 49.10376 -78.67299 .68056
6 -123.34434 49.10460 -80.46302 .69444
6 -123.34644 49.10551 -81.90806 .70833
6 -123.34875 49.10635 -83.37289 .72222
6 -123.35071 49.10737 -84.99103 .73611
6 -123.35294 49.10837 -86.84413 .75000
6 -123.35505 49.10991 -88.78376 .76389
7 -123.30807 49.19026 -45.04105 .00000
7 -123.30802 49.18983 -45.38382 .01389
7 -123.30804 49.18973 -45.53211 .02778
7 -123.30812 49.18996 -45.48591 .04167
7 -123.30819 49.19019 -45.43971 .05556
7 -123.30865 49.19047 -45.31794 .06944
7 -123.30912 49.19096 -45.43091 .08333
7 -123.30960 49.19145 -45.54387 .09722
7 -123.31001 49.19196 -45.41415 .11111
7 -123.31037 49.19249 -45.04175 .12500
7 -123.31073 49.19303 -44.66935 .13889
7 -123.31106 49.19370 -44.77577 .15278
7 -123.31143 49.19447 -45.10978 .16667
7 -123.31191 49.19518 -45.26291 .18056
7 -123.31223 49.19580 -45.39170 .19444
7 -123.31239 49.19635 -45.49614 .20833
7 -123.31256 49.19689 -45.60058 .22222
7 -123.31228 49.19709 -45.42297 .23611
7 -123.31155 49.19695 -44.96332 .25000
7 -123.31083 49.19681 -44.50367 .26389
7 -123.30977 49.19596 -43.80069 .27778
7 -123.30822 49.19453 -42.46578 .29167
7 -123.30644 49.19326 -40.59465 .30556
7 -123.30480 49.19152 -39.39544 .31944
7 -123.30324 49.18940 -39.29648 .33333
7 -123.30168 49.18730 -39.18711 .34722
7 -123.30210 49.18580 -38.81526 .36111
7 -123.30291 49.18426 -38.57917 .37500
7 -123.30300 49.18186 -38.31507 .38889
7 -123.30254 49.17968 -37.36839 .40278
7 -123.30234 49.17749 -36.64420 .41667
7 -123.30256 49.17526 -35.66646 .43056
7 -123.30266 49.17276 -34.74073 .44444
7 -123.30293 49.17012 -34.10202 .45833
7 -123.30352 49.16743 -33.74797 .47222
7 -123.30426 49.16500 -33.54942 .48611
7 -123.30504 49.16282 -33.47262 .50000
7 -123.30601 49.16074 -33.01535 .51389
7 -123.30710 49.15887 -33.75450 .52778
7 -123.30826 49.15730 -35.05265 .54167
7 -123.30949 49.15580 -36.04716 .55556
7 -123.31056 49.15461 -36.57394 .56944
7 -123.31155 49.15384 -36.75025 .58333
7 -123.31267 49.15323 -37.12472 .59722
7 -123.31351 49.15303 -37.74081 .61111
7 -123.31408 49.15324 -38.59851 .62500
7 -123.31485 49.15319 -39.47345 .63889
7 -123.31574 49.15298 -39.98368 .65278
7 -123.31642 49.15304 -40.10263 .66667
7 -123.31710 49.15310 -40.22158 .68056
7 -123.31766 49.15322 -40.05640 .69444
7 -123.31801 49.15333 -39.75214 .70833
7 -123.31836 49.15344 -39.44788 .72222
8 -123.30807 49.19026 -59.00765 .00000
8 -123.30933 49.18864 -59.24432 .01389
8 -123.31051 49.18717 -59.07519 .02778
8 -123.31158 49.18581 -58.67993 .04167
8 -123.31251 49.18437 -58.86950 .05556
8 -123.31337 49.18304 -59.05201 .06944
8 -123.31423 49.18181 -58.96398 .08333
8 -123.31519 49.18066 -58.91828 .09722
8 -123.31618 49.17969 -58.80940 .11111
8 -123.31719 49.17889 -58.63192 .12500
8 -123.31821 49.17808 -58.41308 .13889
8 -123.31909 49.17712 -57.70067 .15278
8 -123.31978 49.17598 -56.93801 .16667
8 -123.32037 49.17487 -56.15520 .18056
8 -123.32057 49.17346 -55.66219 .19444
8 -123.32062 49.17195 -55.44573 .20833
8 -123.32075 49.17051 -55.22170 .22222
8 -123.32069 49.16870 -53.91967 .23611
8 -123.32047 49.16649 -52.15525 .25000
8 -123.32008 49.16438 -50.26351 .26389
8 -123.31916 49.16183 -48.69625 .27778
8 -123.31811 49.15879 -48.11512 .29167
8 -123.31713 49.15571 -47.65881 .30556
8 -123.31631 49.15227 -46.96418 .31944
8 -123.31570 49.14846 -46.01140 .33333
8 -123.31550 49.14473 -45.09362 .34722
8 -123.31588 49.14083 -44.84318 .36111
8 -123.31630 49.13673 -44.20570 .37500
8 -123.31741 49.13274 -44.77185 .38889
8 -123.31902 49.12879 -46.54449 .40278
8 -123.32142 49.12484 -49.29088 .41667
8 -123.32349 49.12139 -51.33681 .43056
8 -123.32493 49.11841 -53.06460 .44444
8 -123.32701 49.11559 -53.77924 .45833
8 -123.32961 49.11261 -52.53970 .47222
8 -123.33144 49.11027 -52.70279 .48611
8 -123.33296 49.10867 -51.42534 .50000
8 -123.33546 49.10781 -49.25170 .51389
8 -123.33806 49.10754 -48.78241 .52778
8 -123.33999 49.10787 -50.26433 .54167
8 -123.34214 49.10823 -51.10679 .55556
8 -123.34479 49.10815 -52.23561 .56944
8 -123.34779 49.10874 -53.70986 .58333
8 -123.35120 49.10934 -55.76929 .59722
8 -123.35426 49.11071 -56.58627 .61111
8 -123.35742 49.11262 -56.50035 .62500
8 -123.36061 49.11424 -57.51733 .63889
8 -123.36362 49.11572 -57.61341 .65278
8 -123.36608 49.11730 -56.93974 .66667
8 -123.36907 49.11854 -56.79803 .68056
9 -123.30807 49.19026 -77.00977 .00000
9 -123.30788 49.18836 -75.72335 .01389
9 -123.30774 49.18654 -74.62910 .02778
9 -123.30772 49.18481 -73.86659 .04167
9 -123.30789 49.18311 -73.49356 .05556
9 -123.30826 49.18142 -73.69293 .06944
9 -123.30881 49.17975 -74.44504 .08333
9 -123.30918 49.17823 -75.44164 .09722
9 -123.30947 49.17656 -75.61320 .11111
9 -123.30966 49.17462 -73.83250 .12500
9 -123.30983 49.17264 -71.32593 .13889
9 -123.31001 49.17048 -69.74985 .15278
9 -123.31018 49.16821 -68.99515 .16667
9 -123.31042 49.16607 -68.08220 .18056
9 -123.31082 49.16384 -67.51160 .19444
9 -123.31110 49.16178 -66.53162 .20833
9 -123.31056 49.15997 -64.74001 .22222
9 -123.31021 49.15786 -63.90870 .23611
9 -123.31009 49.15550 -64.33075 .25000
9 -123.31001 49.15318 -64.76028 .26389
9 -123.30993 49.15044 -64.93947 .27778
9 -123.30996 49.14751 -64.98954 .29167
9 -123.31020 49.14476 -65.34767 .30556
9 -123.31060 49.14177 -64.88612 .31944
9 -123.31117 49.13879 -64.28194 .33333
9 -123.31199 49.13581 -64.24456 .34722
9 -123.31314 49.13290 -64.90485 .36111
9 -123.31422 49.12996 -65.71478 .37500
9 -123.31492 49.12712 -65.58132 .38889
9 -123.31675 49.12416 -67.29321 .40278
9 -123.31892 49.12257 -69.27833 .41667
9 -123.32122 49.12069 -69.89728 .43056
9 -123.32308 49.11936 -69.50007 .44444
9 -123.32448 49.11859 -67.91512 .45833
9 -123.32572 49.11756 -66.29285 .47222
9 -123.32665 49.11660 -64.90464 .48611
9 -123.32796 49.11595 -64.78618 .50000
9 -123.32927 49.11529 -64.59488 .51389
9 -123.33097 49.11496 -66.04072 .52778
9 -123.33242 49.11538 -67.66748 .54167
9 -123.33317 49.11573 -69.69950 .55556
9 -123.33446 49.11600 -71.63500 .56944
9 -123.33642 49.11633 -73.26495 .58333
9 -123.33838 49.11666 -74.89489 .59722
9 -123.34088 49.11726 -76.30567 .61111
9 -123.34434 49.11761 -78.08222 .62500
9 -123.34780 49.11796 -79.86511 .63889
10 -123.30807 49.19026 -45.04105 .00000
10 -123.30861 49.19105 -44.99951 .01389
10 -123.30907 49.19189 -45.19813 .02778
10 -123.30946 49.19277 -45.63690 .04167
10 -123.30984 49.19364 -46.07567 .05556
10 -123.31004 49.19441 -46.21450 .06944
10 -123.31012 49.19503 -46.19448 .08333
10 -123.31024 49.19562 -46.26956 .09722
10 -123.30990 49.19583 -46.05051 .11111
10 -123.30908 49.19563 -45.53735 .12500
10 -123.30826 49.19544 -45.02419 .13889
10 -123.30699 49.19475 -43.72491 .15278
10 -123.30534 49.19354 -41.99409 .16667
10 -123.30369 49.19232 -40.26327 .18056
10 -123.30222 49.19069 -39.32609 .19444
10 -123.30063 49.18859 -39.23936 .20833
10 -123.30015 49.18695 -38.86016 .22222
10 -123.30079 49.18549 -38.51978 .23611
10 -123.30150 49.18385 -38.33288 .25000
10 -123.30174 49.18188 -37.95823 .26389
10 -123.30120 49.17975 -36.98000 .27778
10 -123.30095 49.17761 -36.22343 .29167
10 -123.30123 49.17542 -35.19425 .30556
10 -123.30137 49.17300 -34.18780 .31944
10 -123.30165 49.17039 -33.62957 .33333
10 -123.30207 49.16776 -33.30019 .34722
10 -123.30270 49.16533 -33.10053 .36111
10 -123.30337 49.16310 -33.10277 .37500
10 -123.30413 49.16092 -32.97807 .38889
10 -123.30520 49.15896 -33.93805 .40278
10 -123.30615 49.15722 -35.33357 .41667
10 -123.30720 49.15552 -36.41237 .43056
10 -123.30816 49.15423 -36.88055 .44444
10 -123.30890 49.15334 -37.51399 .45833
10 -123.30964 49.15245 -38.14742 .47222
10 -123.31041 49.15225 -38.95165 .48611
10 -123.31150 49.15196 -40.02022 .50000
10 -123.31270 49.15158 -41.09298 .51389
10 -123.31362 49.15146 -41.70733 .52778
10 -123.31428 49.15160 -41.86326 .54167
10 -123.31494 49.15175 -42.01919 .55556
10 -123.31545 49.15185 -42.01449 .56944
10 -123.31577 49.15194 -41.83473 .58333
10 -123.31608 49.15204 -41.65497 .59722
11 -123.30807 49.19026 -59.00765 .00000
11 -123.30881 49.18903 -59.02030 .01389
11 -123.30948 49.18780 -58.86728 .02778
11 -123.31010 49.18657 -58.54861 .04167
11 -123.31072 49.18534 -58.22201 .05556
11 -123.31111 49.18383 -57.26139 .06944
11 -123.31117 49.18214 -55.65214 .08333
11 -123.31124 49.18046 -54.04288 .09722
11 -123.31126 49.17841 -52.93321 .11111
11 -123.31101 49.17599 -52.01398 .12500
11 -123.31069 49.17359 -50.99348 .13889
11 -123.30958 49.17134 -50.27530 .15278
11 -123.30850 49.16867 -49.83852 .16667
11 -123.30759 49.16608 -49.94758 .18056
11 -123.30662 49.16304 -49.28291 .19444
11 -123.30578 49.15969 -48.51713 .20833
11 -123.30530 49.15660 -47.43415 .22222
11 -123.30479 49.15328 -46.56975 .23611
11 -123.30430 49.14967 -45.99679 .25000
11 -123.30404 49.14635 -46.14056 .26389
11 -123.30364 49.14313 -46.65203 .27778
11 -123.30353 49.13999 -47.50909 .29167
11 -123.30440 49.13653 -48.64652 .30556
11 -123.30549 49.13342 -50.55151 .31944
11 -123.30626 49.13119 -51.89887 .33333
11 -123.30674 49.12888 -51.75222 .34722
11 -123.30757 49.12705 -50.49348 .36111
11 -123.30864 49.12533 -49.65602 .37500
11 -123.30973 49.12349 -48.82454 .38889
11 -123.31063 49.12235 -48.49133 .40278
11 -123.31144 49.12187 -49.09699 .41667
11 -123.31239 49.12131 -50.38282 .43056
11 -123.31238 49.12155 -51.07401 .44444
11 -123.31255 49.12210 -51.18299 .45833
11 -123.31359 49.12234 -51.29497 .47222
11 -123.31429 49.12267 -51.72303 .48611
11 -123.31463 49.12310 -52.46715 .50000
11 -123.31498 49.12353 -53.21128 .51389
11 -123.31514 49.12463 -52.82506 .52778
11 -123.31525 49.12632 -51.62523 .54167
11 -123.31576 49.12771 -51.54557 .55556
12 -123.30807 49.19026 -77.00977 .00000
12 -123.30810 49.18821 -77.72872 .01389
12 -123.30826 49.18605 -77.97125 .02778
12 -123.30848 49.18384 -77.26015 .04167
12 -123.30864 49.18163 -75.91916 .05556
12 -123.30880 49.17927 -75.04394 .06944
12 -123.30894 49.17689 -74.58119 .08333
12 -123.30905 49.17444 -74.02106 .09722
12 -123.30918 49.17192 -73.01779 .11111
12 -123.30945 49.16937 -72.06391 .12500
12 -123.30978 49.16700 -71.92693 .13889
12 -123.31008 49.16458 -71.69566 .15278
12 -123.31053 49.16227 -71.09356 .16667
12 -123.31118 49.16000 -70.52019 .18056
12 -123.31172 49.15775 -70.01011 .19444
12 -123.31209 49.15568 -69.75705 .20833
12 -123.31248 49.15337 -69.60683 .22222
12 -123.31263 49.15118 -69.63481 .23611
12 -123.31269 49.14906 -69.64947 .25000
12 -123.31268 49.14692 -69.87425 .26389
12 -123.31254 49.14489 -70.38332 .27778
12 -123.31253 49.14288 -70.31821 .29167
12 -123.31249 49.14117 -70.18240 .30556
12 -123.31254 49.13971 -69.77240 .31944
12 -123.31268 49.13819 -69.46139 .33333
12 -123.31268 49.13677 -69.00280 .34722
12 -123.31256 49.13590 -68.70315 .36111
12 -123.31267 49.13536 -68.90396 .37500
12 -123.31278 49.13481 -69.10478 .38889
12 -123.31295 49.13458 -69.33324 .40278
12 -123.31317 49.13467 -69.58934 .41667
12 -123.31339 49.13476 -69.84544 .43056
12 -123.31343 49.13491 -69.87258 .44444
12 -123.31329 49.13513 -69.67076 .45833
12 -123.31316 49.13535 -69.46895 .47222
12 -123.31308 49.13557 -70.19799 .48611
12 -123.31305 49.13579 -71.85788 .50000
12 -123.31302 49.13602 -73.51777 .51389
13 -123.30807 49.19026 -45.04105 .00000
13 -123.30784 49.19021 -43.94337 .01389
13 -123.30725 49.18970 -42.56216 .02778
13 -123.30630 49.18870 -40.89741 .04167
13 -123.30535 49.18771 -39.23267 .05556
13 -123.30542 49.18642 -38.50692 .06944
13 -123.30540 49.18453 -38.50753 .08333
13 -123.30539 49.18261 -38.40278 .09722
13 -123.30529 49.18047 -38.01987 .11111
13 -123.30494 49.17830 -37.00074 .12500
13 -123.30496 49.17635 -36.80485 .13889
13 -123.30526 49.17409 -35.86457 .15278
13 -123.30551 49.17159 -34.99717 .16667
13 -123.30616 49.16900 -34.31153 .18056
13 -123.30695 49.16631 -33.79134 .19444
13 -123.30766 49.16360 -33.51017 .20833
13 -123.30839 49.16084 -33.37876 .22222
13 -123.30928 49.15836 -33.35874 .23611
13 -123.31038 49.15606 -33.82979 .25000
13 -123.31146 49.15374 -34.21750 .26389
13 -123.31271 49.15172 -35.03512 .27778
13 -123.31418 49.15011 -36.40902 .29167
13 -123.31581 49.14869 -37.27845 .30556
13 -123.31729 49.14780 -37.82823 .31944
13 -123.31860 49.14741 -38.13368 .33333
13 -123.31993 49.14711 -38.43974 .34722
13 -123.32093 49.14732 -38.83921 .36111
13 -123.32177 49.14771 -39.34629 .37500
13 -123.32285 49.14768 -39.87234 .38889
13 -123.32378 49.14786 -40.14592 .40278
13 -123.32457 49.14825 -40.16701 .41667
13 -123.32577 49.14846 -40.11397 .43056
13 -123.32689 49.14863 -40.13882 .44444
13 -123.32807 49.14890 -40.81787 .45833
13 -123.32926 49.14917 -41.50851 .47222
14 -123.30807 49.19026 -59.00765 .00000
14 -123.30859 49.18753 -57.90823 .01389
14 -123.30919 49.18472 -57.46407 .02778
14 -123.30966 49.18173 -58.05782 .04167
14 -123.30999 49.17867 -58.32528 .05556
14 -123.31018 49.17552 -57.87430 .06944
14 -123.31041 49.17220 -57.27908 .08333
14 -123.31064 49.16889 -56.84797 .09722
14 -123.31064 49.16551 -56.03422 .11111
14 -123.31082 49.16232 -55.50382 .12500
14 -123.31087 49.15890 -55.02005 .13889
14 -123.31112 49.15571 -54.54254 .15278
14 -123.31151 49.15262 -53.92325 .16667
14 -123.31209 49.14954 -53.44647 .18056
14 -123.31286 49.14667 -53.61937 .19444
14 -123.31394 49.14394 -54.73246 .20833
14 -123.31512 49.14118 -55.66056 .22222
14 -123.31638 49.13884 -56.21335 .23611
14 -123.31776 49.13690 -56.47880 .25000
14 -123.31924 49.13497 -57.33129 .26389
14 -123.32088 49.13346 -57.51439 .27778
14 -123.32275 49.13267 -57.73531 .29167
14 -123.32462 49.13189 -57.95624 .30556
14 -123.32625 49.13140 -58.06341 .31944
14 -123.32769 49.13121 -57.67902 .33333
14 -123.32912 49.13101 -57.29463 .34722
14 -123.33060 49.13092 -57.73387 .36111
14 -123.33212 49.13095 -58.98126 .37500
14 -123.33393 49.13106 -61.04870 .38889
14 -123.33597 49.13130 -63.26738 .40278
14 -123.33821 49.13167 -65.58016 .41667
14 -123.34054 49.13179 -67.46120 .43056
15 -123.30807 49.19026 -77.00977 .00000
15 -123.30828 49.18779 -77.57026 .01389
15 -123.30842 49.18521 -77.98912 .02778
15 -123.30834 49.18270 -77.85312 .04167
15 -123.30808 49.17992 -77.17842 .05556
15 -123.30789 49.17732 -76.64799 .06944
15 -123.30765 49.17482 -76.26127 .08333
15 -123.30749 49.17230 -76.21335 .09722
15 -123.30719 49.16967 -75.83244 .11111
15 -123.30692 49.16766 -75.37192 .12500
15 -123.30664 49.16565 -74.91140 .13889
15 -123.30656 49.16377 -75.05688 .15278
15 -123.30645 49.16169 -75.42519 .16667
15 -123.30626 49.15976 -75.75183 .18056
15 -123.30611 49.15872 -75.51897 .19444
15 -123.30637 49.15795 -74.89463 .20833
15 -123.30663 49.15718 -74.27030 .22222
15 -123.30683 49.15614 -73.69882 .23611
15 -123.30704 49.15503 -73.17811 .25000
15 -123.30690 49.15418 -72.53616 .26389
15 -123.30674 49.15374 -72.72455 .27778
15 -123.30679 49.15356 -73.81758 .29167
15 -123.30683 49.15337 -74.91060 .30556
15 -123.30707 49.15328 -75.80473 .31944
15 -123.30751 49.15329 -76.49997 .33333
15 -123.30795 49.15330 -77.19520 .34722
15 -123.30837 49.15332 -77.36950 .36111
15 -123.30875 49.15335 -77.02287 .37500
15 -123.30913 49.15338 -76.67624 .38889
16 -123.30807 49.19026 -45.04105 .00000
16 -123.30687 49.18731 -44.64718 .01389
16 -123.30578 49.18415 -43.95962 .02778
16 -123.30475 49.18075 -43.01965 .04167
16 -123.30356 49.17716 -42.34746 .05556
16 -123.30278 49.17351 -41.55103 .06944
16 -123.30228 49.16999 -40.64582 .08333
16 -123.30178 49.16638 -39.62273 .09722
16 -123.30193 49.16362 -38.15809 .11111
16 -123.30251 49.16129 -37.34839 .12500
16 -123.30341 49.15882 -37.06449 .13889
16 -123.30426 49.15659 -37.35945 .15278
16 -123.30482 49.15460 -38.57693 .16667
16 -123.30566 49.15272 -39.42679 .18056
16 -123.30691 49.15101 -40.11044 .19444
16 -123.30836 49.14979 -40.65093 .20833
16 -123.30980 49.14846 -41.21615 .22222
16 -123.31109 49.14766 -42.04910 .23611
16 -123.31229 49.14737 -42.92994 .25000
16 -123.31357 49.14704 -43.66272 .26389
16 -123.31459 49.14702 -44.10072 .27778
16 -123.31537 49.14731 -44.23866 .29167
16 -123.31614 49.14759 -44.37661 .30556
16 -123.31668 49.14787 -44.24917 .31944
16 -123.31698 49.14813 -43.85635 .33333
16 -123.31729 49.14839 -43.46352 .34722
17 -123.30807 49.19026 -59.00765 .00000
17 -123.30806 49.18680 -57.98347 .01389
17 -123.30792 49.18338 -56.98133 .02778
17 -123.30774 49.18006 -55.62068 .04167
17 -123.30754 49.17697 -54.34124 .05556
17 -123.30737 49.17398 -53.40608 .06944
17 -123.30734 49.17106 -53.06859 .08333
17 -123.30700 49.16837 -52.82318 .09722
17 -123.30682 49.16603 -52.81415 .11111
17 -123.30693 49.16396 -53.20690 .12500
17 -123.30698 49.16195 -53.79434 .13889
17 -123.30717 49.16010 -54.06853 .15278
17 -123.30724 49.15865 -53.97156 .16667
17 -123.30725 49.15727 -53.90524 .18056
17 -123.30750 49.15602 -54.48559 .19444
17 -123.30787 49.15494 -55.40757 .20833
17 -123.30817 49.15390 -56.27717 .22222
17 -123.30851 49.15312 -57.14123 .23611
17 -123.30901 49.15255 -58.09007 .25000
17 -123.30953 49.15196 -58.94783 .26389
17 -123.31010 49.15137 -59.44339 .27778
17 -123.31068 49.15077 -59.98642 .29167
17 -123.31125 49.15018 -60.52944 .30556
18 -123.30807 49.19026 -77.00977 .00000
18 -123.30781 49.18747 -76.64235 .01389
18 -123.30764 49.18499 -76.28902 .02778
18 -123.30766 49.18293 -76.45719 .04167
18 -123.30756 49.18067 -76.61858 .05556
18 -123.30732 49.17866 -76.24757 .06944
18 -123.30720 49.17706 -76.24157 .08333
18 -123.30709 49.17545 -76.23556 .09722
18 -123.30729 49.17422 -76.23094 .11111
18 -123.30752 49.17306 -75.83528 .12500
18 -123.30759 49.17160 -75.36875 .13889
18 -123.30783 49.17042 -75.37379 .15278
18 -123.30822 49.16957 -75.84386 .16667
18 -123.30840 49.16889 -76.26112 .18056
18 -123.30880 49.16838 -76.76177 .19444
18 -123.30940 49.16805 -77.34583 .20833
18 -123.30979 49.16730 -77.60746 .22222
18 -123.31031 49.16654 -78.08137 .23611
18 -123.31098 49.16582 -78.80173 .25000
18 -123.31165 49.16511 -79.52209 .26389
19 -123.30807 49.19026 -45.04105 .00000
19 -123.30800 49.18776 -44.66404 .01389
19 -123.30787 49.18544 -44.09615 .02778
19 -123.30790 49.18314 -43.27268 .04167
19 -123.30796 49.18087 -42.43280 .05556
19 -123.30815 49.17884 -42.31077 .06944
19 -123.30847 49.17703 -42.54269 .08333
19 -123.30879 49.17522 -42.77462 .09722
19 -123.30916 49.17373 -43.09201 .11111
19 -123.30951 49.17247 -43.49786 .12500
19 -123.30986 49.17121 -43.90370 .13889
19 -123.31029 49.17023 -44.50106 .15278
19 -123.31079 49.16953 -45.29376 .16667
19 -123.31127 49.16881 -46.17739 .18056
19 -123.31174 49.16823 -46.97065 .19444
19 -123.31220 49.16777 -47.70349 .20833
19 -123.31265 49.16732 -48.43632 .22222
20 -123.30807 49.19026 -59.00765 .00000
20 -123.30821 49.18808 -58.15287 .01389
20 -123.30828 49.18609 -57.78485 .02778
20 -123.30841 49.18421 -57.86928 .04167
20 -123.30873 49.18232 -57.87550 .05556
20 -123.30914 49.18071 -57.87392 .06944
20 -123.30957 49.17925 -57.92361 .08333
20 -123.31004 49.17776 -57.98660 .09722
20 -123.31065 49.17651 -58.29344 .11111
20 -123.31141 49.17553 -58.86105 .12500
20 -123.31218 49.17454 -59.42866 .13889
20 -123.31299 49.17356 -60.17547 .15278
20 -123.31387 49.17262 -61.01554 .16667
20 -123.31488 49.17175 -61.57094 .18056
21 -123.30807 49.19026 -77.00977 .00000
21 -123.30790 49.18901 -77.03889 .01389
21 -123.30793 49.18794 -77.32430 .02778
21 -123.30814 49.18706 -77.86598 .04167
21 -123.30836 49.18618 -78.40766 .05556
21 -123.30875 49.18545 -78.97598 .06944
21 -123.30930 49.18489 -79.57094 .08333
21 -123.30984 49.18434 -80.15838 .09722
21 -123.31027 49.18363 -80.43074 .11111
21 -123.31073 49.18292 -80.76157 .12500
21 -123.31119 49.18220 -81.09239 .13889
22 -123.30807 49.19026 -45.04105 .00000
22 -123.30830 49.18920 -45.18609 .01389
22 -123.30841 49.18819 -45.15249 .02778
22 -123.30839 49.18725 -44.94023 .04167
22 -123.30837 49.18630 -44.72797 .05556
22 -123.30848 49.18550 -45.29635 .06944
22 -123.30873 49.18486 -46.64357 .08333
22 -123.30915 49.18416 -47.92962 .09722
23 -123.30807 49.19026 -59.00765 .00000
23 -123.30886 49.18921 -58.97684 .01389
23 -123.30969 49.18833 -59.29390 .02778
23 -123.31055 49.18760 -59.95884 .04167
23 -123.31142 49.18687 -60.62378 .05556
24 -123.30807 49.19026 -77.00977 .00000
24 -123.30828 49.18960 -77.12314 .01389
