1 -123.30807 49.19026 -45.04105 .00000
1 -123.30818 49.18898 -47.06930 .01389
1 -123.30839 49.18772 -48.48973 .02778
1 -123.30871 49.18646 -49.30234 .04167
1 -123.30903 49.18521 -50.11496 .05556
1 -123.30937 49.18399 -50.63076 .06944
1 -123.30969 49.18268 -50.91839 .08333
1 -123.30980 49.18066 -51.20483 .09722
1 -123.30984 49.17840 -51.41778 .11111
1 -123.30986 49.17607 -51.51609 .12500
1 -123.30996 49.17379 -51.43820 .13889
1 -123.31020 49.17163 -51.41887 .15278
1 -123.31059 49.16953 -52.24542 .16667
1 -123.31115 49.16765 -52.53098 .18056
1 -123.31173 49.16575 -52.86940 .19444
1 -123.31236 49.16375 -53.40980 .20833
1 -123.31310 49.16176 -53.67474 .22222
1 -123.31421 49.16014 -53.61688 .23611
1 -123.31570 49.15889 -53.21639 .25000
1 -123.31758 49.15783 -52.98306 .26389
1 -123.31942 49.15698 -52.88207 .27778
1 -123.32119 49.15612 -53.89820 .29167
1 -123.32294 49.15511 -55.65189 .30556
1 -123.32453 49.15434 -57.17686 .31944
1 -123.32634 49.15405 -57.30288 .33333
1 -123.32827 49.15383 -57.06728 .34722
1 -123.32998 49.15372 -56.67224 .36111
1 -123.33150 49.15372 -56.15019 .37500
1 -123.33319 49.15374 -55.81880 .38889
1 -123.33470 49.15358 -54.87088 .40278
1 -123.33605 49.15323 -53.30644 .41667
1 -123.33740 49.15288 -51.75138 .43056
1 -123.33848 49.15180 -50.59090 .44444
1 -123.33897 49.14963 -49.52569 .45833
1 -123.33954 49.14740 -48.46303 .47222
1 -123.34055 49.14480 -48.18797 .48611
1 -123.34172 49.14198 -48.18046 .50000
1 -123.34378 49.13913 -48.14625 .51389
1 -123.34589 49.13621 -48.64397 .52778
1 -123.34853 49.13312 -49.54309 .54167
1 -123.35157 49.13003 -49.37709 .55556
1 -123.35456 49.12688 -49.78309 .56944
1 -123.35728 49.12353 -51.98836 .58333
1 -123.35951 49.12030 -53.67829 .59722
1 -123.36191 49.11700 -54.12718 .61111
1 -123.36405 49.11365 -55.01167 .62500
1 -123.36670 49.11064 -56.36618 .63889
1 -123.36904 49.10784 -56.56866 .65278
1 -123.37094 49.10517 -55.62446 .66667
1 -123.37297 49.10302 -54.62894 .68056
1 -123.37486 49.10077 -53.90201 .69444
1 -123.37680 49.09857 -53.41885 .70833
1 -123.37859 49.09651 -53.71285 .72222
1 -123.38065 49.09472 -52.84261 .73611
1 -123.38315 49.09338 -51.23754 .75000
1 -123.38485 49.09264 -49.58866 .76389
1 -123.38690 49.09246 -47.26483 .77778
1 -123.38949 49.09278 -45.67932 .79167
1 -123.39211 49.09313 -44.88000 .80556
1 -123.39489 49.09394 -44.61441 .81944
1 -123.39781 49.09522 -44.97617 .83333
1 -123.40091 49.09655 -45.39221 .84722
1 -123.40384 49.09792 -46.68112 .86111
1 -123.40655 49.09926 -48.24496 .87500
1 -123.40927 49.10050 -49.82119 .88889
1 -123.41309 49.10170 -52.61711 .90278
1 -123.41836 49.10260 -56.81356 .91667
1 -123.42337 49.10286 -61.45329 .93056
1 -123.42850 49.10316 -62.76172 .94444
1 -123.43365 49.10363 -63.84632 .95833
1 -123.43935 49.10393 -67.31929 .97222
2 -123.30807 49.19026 -59.00765 .00000
2 -123.30832 49.18838 -60.18026 .01389
2 -123.30839 49.18636 -61.09141 .02778
2 -123.30833 49.18420 -61.76068 .04167
2 -123.30836 49.18206 -62.39652 .05556
2 -123.30837 49.17978 -62.97001 .06944
2 -123.30839 49.17749 -63.38072 .08333
2 -123.30841 49.17521 -63.79144 .09722
2 -123.30854 49.17303 -64.63329 .11111
2 -123.30881 49.17090 -66.60390 .12500
2 -123.30918 49.16891 -68.56116 .13889
2 -123.30931 49.16698 -69.10762 .15278
2 -123.30937 49.16493 -68.89770 .16667
2 -123.30958 49.16291 -69.26036 .18056
2 -123.31008 49.16108 -70.19195 .19444
2 -123.31084 49.15932 -71.61241 .20833
2 -123.31161 49.15759 -72.31575 .22222
2 -123.31230 49.15596 -71.14892 .23611
2 -123.31301 49.15438 -70.27650 .25000
2 -123.31374 49.15280 -69.68290 .26389
2 -123.31464 49.15142 -69.63479 .27778
2 -123.31578 49.15031 -69.90108 .29167
2 -123.31699 49.14926 -69.99237 .30556
2 -123.31839 49.14853 -69.58195 .31944
2 -123.32000 49.14814 -68.62104 .33333
2 -123.32164 49.14777 -67.40622 .34722
2 -123.32280 49.14719 -66.18276 .36111
2 -123.32388 49.14639 -64.98345 .37500
2 -123.32495 49.14554 -63.72549 .38889
2 -123.32618 49.14448 -62.28606 .40278
2 -123.32754 49.14329 -60.76645 .41667
2 -123.32892 49.14204 -59.27264 .43056
2 -123.33011 49.14056 -58.47200 .44444
2 -123.33109 49.13895 -58.30023 .45833
2 -123.33209 49.13725 -58.12923 .47222
2 -123.33305 49.13510 -57.68256 .48611
2 -123.33425 49.13249 -56.73889 .50000
2 -123.33556 49.12976 -55.98616 .51389
2 -123.33683 49.12661 -55.99282 .52778
2 -123.33809 49.12310 -56.75349 .54167
2 -123.33978 49.11964 -56.68485 .55556
2 -123.34152 49.11580 -56.49429 .56944
2 -123.34237 49.11201 -56.43528 .58333
2 -123.34364 49.10827 -56.93761 .59722
2 -123.34511 49.10440 -57.35036 .61111
2 -123.34595 49.10075 -58.33493 .62500
2 -123.34640 49.09743 -58.79712 .63889
2 -123.34695 49.09451 -58.78414 .65278
2 -123.34767 49.09197 -57.10815 .66667
2 -123.34831 49.08955 -54.93999 .68056
2 -123.34949 49.08744 -54.54612 .69444
2 -123.35100 49.08588 -56.42758 .70833
2 -123.35250 49.08432 -58.31310 .72222
2 -123.35421 49.08362 -58.73846 .73611
2 -123.35615 49.08376 -57.80091 .75000
2 -123.35808 49.08390 -56.86335 .76389
2 -123.36046 49.08482 -55.67515 .77778
2 -123.36317 49.08618 -55.13474 .79167
2 -123.36599 49.08736 -54.87799 .80556
2 -123.36931 49.08886 -56.11681 .81944
2 -123.37277 49.09076 -59.37631 .83333
2 -123.37681 49.09239 -62.16128 .84722
2 -123.38105 49.09424 -64.48321 .86111
2 -123.38536 49.09630 -66.82805 .87500
2 -123.38863 49.09831 -69.80284 .88889
2 -123.39193 49.10001 -71.77563 .90278
2 -123.39526 49.10142 -72.39824 .91667
2 -123.39908 49.10269 -74.61588 .93056
3 -123.30807 49.19026 -77.00977 .00000
3 -123.30838 49.18834 -77.88078 .01389
3 -123.30859 49.18631 -78.53043 .02778
3 -123.30869 49.18417 -79.05925 .04167
3 -123.30877 49.18200 -79.99366 .05556
3 -123.30874 49.17977 -80.40575 .06944
3 -123.30882 49.17775 -79.92806 .08333
3 -123.30890 49.17573 -79.44747 .09722
3 -123.30903 49.17363 -79.20644 .11111
3 -123.30921 49.17155 -78.57863 .12500
3 -123.30939 49.16946 -77.95082 .13889
3 -123.30938 49.16752 -77.49593 .15278
3 -123.30949 49.16558 -77.47946 .16667
3 -123.30965 49.16367 -77.71481 .18056
3 -123.31005 49.16203 -78.30155 .19444
3 -123.31052 49.16050 -77.78321 .20833
3 -123.31104 49.15888 -76.65984 .22222
3 -123.31159 49.15740 -76.03785 .23611
3 -123.31221 49.15607 -76.08884 .25000
3 -123.31302 49.15482 -76.27520 .26389
3 -123.31424 49.15383 -76.40457 .27778
3 -123.31576 49.15304 -76.39936 .29167
3 -123.31736 49.15229 -76.03251 .30556
3 -123.31918 49.15170 -74.94661 .31944
3 -123.32111 49.15122 -73.66886 .33333
3 -123.32294 49.15057 -72.42900 .34722
3 -123.32460 49.14955 -71.06368 .36111
3 -123.32620 49.14832 -69.53316 .37500
3 -123.32788 49.14712 -67.29494 .38889
3 -123.32910 49.14570 -65.81642 .40278
3 -123.33017 49.14399 -65.01216 .41667
3 -123.33145 49.14225 -64.83713 .43056
3 -123.33261 49.14013 -64.07823 .44444
3 -123.33348 49.13768 -63.00527 .45833
3 -123.33438 49.13521 -62.02860 .47222
3 -123.33542 49.13216 -61.60170 .48611
3 -123.33652 49.12857 -61.80152 .50000
3 -123.33776 49.12506 -62.20424 .51389
3 -123.33928 49.12112 -62.43848 .52778
3 -123.34153 49.11662 -62.06694 .54167
3 -123.34246 49.11277 -62.41115 .55556
3 -123.34367 49.10876 -62.67088 .56944
3 -123.34520 49.10459 -62.80866 .58333
3 -123.34604 49.10094 -63.94134 .59722
3 -123.34690 49.09767 -65.04468 .61111
3 -123.34778 49.09476 -66.11585 .62500
3 -123.34864 49.09223 -64.79774 .63889
3 -123.35001 49.09019 -63.42712 .65278
3 -123.35207 49.08840 -64.40042 .66667
3 -123.35417 49.08661 -66.01390 .68056
3 -123.35677 49.08568 -67.11616 .69444
3 -123.36015 49.08600 -67.54759 .70833
3 -123.36367 49.08654 -67.24208 .72222
3 -123.36656 49.08718 -66.24316 .73611
3 -123.37019 49.08816 -64.35704 .75000
3 -123.37390 49.08922 -65.08038 .76389
3 -123.37808 49.09048 -66.18646 .77778
3 -123.38136 49.09297 -68.78527 .79167
3 -123.38430 49.09571 -71.80507 .80556
3 -123.38732 49.09815 -74.36334 .81944
3 -123.39056 49.10008 -77.41945 .83333
3 -123.39396 49.10188 -80.83530 .84722
3 -123.39749 49.10330 -83.58844 .86111
3 -123.40137 49.10451 -85.15043 .87500
3 -123.40558 49.10551 -87.08080 .88889
4 -123.30807 49.19026 -45.04105 .00000
4 -123.30830 49.18894 -45.29571 .01389
4 -123.30860 49.18785 -45.53569 .02778
4 -123.30899 49.18700 -45.76098 .04167
4 -123.30937 49.18614 -45.98627 .05556
4 -123.30972 49.18525 -46.07398 .06944
4 -123.31002 49.18433 -46.08992 .08333
4 -123.31034 49.18342 -46.30853 .09722
4 -123.31074 49.18288 -46.19031 .11111
4 -123.31124 49.18272 -45.73523 .12500
4 -123.31173 49.18256 -45.28016 .13889
4 -123.31226 49.18261 -45.39779 .15278
4 -123.31281 49.18286 -46.08812 .16667
4 -123.31337 49.18311 -46.77844 .18056
4 -123.31403 49.18342 -46.81360 .19444
4 -123.31471 49.18386 -46.62771 .20833
4 -123.31539 49.18429 -46.44182 .22222
4 -123.31604 49.18477 -46.43452 .23611
4 -123.31664 49.18528 -46.60580 .25000
4 -123.31725 49.18579 -46.77709 .26389
4 -123.31788 49.18641 -46.76028 .27778
4 -123.31855 49.18709 -46.69558 .29167
4 -123.31922 49.18775 -46.68934 .30556
4 -123.31979 49.18835 -46.65152 .31944
4 -123.32026 49.18888 -46.58213 .33333
4 -123.32073 49.18941 -46.51275 .34722
4 -123.32082 49.18957 -45.92778 .36111
4 -123.32052 49.18938 -44.82723 .37500
4 -123.32023 49.18919 -43.72668 .38889
4 -123.31951 49.18848 -42.50444 .40278
4 -123.31837 49.18726 -41.16053 .41667
4 -123.31731 49.18598 -39.77789 .43056
4 -123.31675 49.18416 -38.90954 .44444
4 -123.31638 49.18169 -38.58456 .45833
4 -123.31609 49.17920 -38.47315 .47222
4 -123.31596 49.17658 -38.53226 .48611
4 -123.31606 49.17369 -38.53681 .50000
4 -123.31610 49.17078 -38.19556 .51389
4 -123.31614 49.16793 -37.41661 .52778
4 -123.31618 49.16475 -36.76780 .54167
4 -123.31631 49.16152 -36.35397 .55556
4 -123.31680 49.15829 -36.59517 .56944
4 -123.31749 49.15523 -36.86375 .58333
4 -123.31828 49.15214 -36.90316 .59722
4 -123.31940 49.14935 -37.20336 .61111
4 -123.32092 49.14704 -37.97388 .62500
4 -123.32251 49.14478 -38.91011 .63889
4 -123.32397 49.14252 -39.43138 .65278
4 -123.32566 49.14058 -39.61814 .66667
4 -123.32722 49.13871 -39.70743 .68056
4 -123.32862 49.13753 -39.41930 .69444
4 -123.32969 49.13763 -38.77080 .70833
4 -123.33054 49.13830 -38.08863 .72222
4 -123.33126 49.13916 -37.71654 .73611
4 -123.33187 49.14022 -37.65454 .75000
4 -123.33250 49.14126 -37.41221 .76389
4 -123.33314 49.14228 -37.68901 .77778
4 -123.33377 49.14331 -38.52790 .79167
4 -123.33457 49.14409 -39.33585 .80556
4 -123.33591 49.14444 -40.35278 .81944
4 -123.33755 49.14490 -41.62924 .83333
4 -123.33929 49.14549 -43.63222 .84722
5 -123.30807 49.19026 -59.00765 .00000
5 -123.30836 49.18779 -58.98550 .01389
5 -123.30859 49.18531 -58.70276 .02778
5 -123.30871 49.18288 -58.99610 .04167
5 -123.30899 49.18058 -59.61922 .05556
5 -123.30944 49.17849 -59.78371 .06944
5 -123.31005 49.17657 -59.30299 .08333
5 -123.31073 49.17452 -58.71878 .09722
5 -123.31138 49.17257 -58.33396 .11111
5 -123.31212 49.17072 -58.07218 .12500
5 -123.31316 49.16898 -57.20124 .13889
5 -123.31451 49.16759 -56.22027 .15278
5 -123.31619 49.16665 -55.40057 .16667
5 -123.31786 49.16583 -54.92757 .18056
5 -123.31955 49.16524 -54.96891 .19444
5 -123.32126 49.16490 -55.44045 .20833
5 -123.32337 49.16438 -56.02559 .22222
5 -123.32531 49.16395 -56.33213 .23611
5 -123.32714 49.16371 -55.77310 .25000
5 -123.32902 49.16357 -54.55738 .26389
5 -123.33055 49.16324 -53.72310 .27778
5 -123.33174 49.16274 -53.27028 .29167
5 -123.33268 49.16187 -52.99814 .30556
5 -123.33326 49.16056 -52.62871 .31944
5 -123.33341 49.15897 -51.56061 .33333
5 -123.33386 49.15717 -50.51345 .34722
5 -123.33443 49.15488 -49.48674 .36111
5 -123.33505 49.15215 -48.31883 .37500
5 -123.33571 49.14934 -47.42455 .38889
5 -123.33644 49.14599 -46.98867 .40278
5 -123.33717 49.14242 -46.59237 .41667
5 -123.33819 49.13899 -46.37576 .43056
5 -123.33927 49.13518 -47.16776 .44444
5 -123.34050 49.13113 -48.54113 .45833
5 -123.34233 49.12742 -49.40039 .47222
5 -123.34389 49.12367 -50.22803 .48611
5 -123.34521 49.11989 -51.35758 .50000
5 -123.34725 49.11546 -52.36204 .51389
5 -123.34891 49.11155 -52.52453 .52778
5 -123.35025 49.10808 -51.59445 .54167
5 -123.35242 49.10443 -51.38065 .55556
5 -123.35465 49.10139 -51.96318 .56944
5 -123.35694 49.09898 -51.62436 .58333
5 -123.35916 49.09665 -50.93506 .59722
5 -123.36099 49.09588 -50.31510 .61111
5 -123.36338 49.09552 -50.27461 .62500
5 -123.36632 49.09467 -52.09688 .63889
5 -123.36985 49.09427 -52.27950 .65278
5 -123.37323 49.09495 -50.26828 .66667
5 -123.37550 49.09602 -47.75517 .68056
5 -123.37823 49.09706 -47.15381 .69444
5 -123.38140 49.09820 -49.38793 .70833
5 -123.38462 49.09932 -51.10609 .72222
5 -123.38925 49.10036 -53.52955 .73611
5 -123.39417 49.10165 -56.70946 .75000
5 -123.39927 49.10282 -60.28946 .76389
5 -123.40416 49.10419 -63.53249 .77778
5 -123.40930 49.10534 -64.47462 .79167
5 -123.41472 49.10637 -66.02417 .80556
6 -123.30807 49.19026 -77.00977 .00000
6 -123.30782 49.18822 -76.96723 .01389
6 -123.30762 49.18614 -77.38028 .02778
6 -123.30764 49.18408 -78.63507 .04167
6 -123.30778 49.18207 -80.14369 .05556
6 -123.30775 49.17990 -80.39796 .06944
6 -123.30752 49.17791 -79.52618 .08333
6 -123.30729 49.17593 -78.65440 .09722
6 -123.30744 49.17418 -78.20776 .11111
6 -123.30790 49.17247 -78.43375 .12500
6 -123.30836 49.17070 -78.84535 .13889
6 -123.30888 49.16916 -78.90867 .15278
6 -123.30924 49.16797 -78.29348 .16667
6 -123.30962 49.16661 -78.41602 .18056
6 -123.31017 49.16516 -77.95427 .19444
6 -123.31087 49.16365 -76.79715 .20833
6 -123.31155 49.16225 -75.64462 .22222
6 -123.31235 49.16070 -74.20192 .23611
6 -123.31334 49.15916 -72.50138 .25000
6 -123.31435 49.15763 -70.74752 .26389
6 -123.31534 49.15614 -68.22904 .27778
6 -123.31567 49.15465 -65.77803 .29167
6 -123.31577 49.15325 -63.40423 .30556
6 -123.31577 49.15150 -61.64183 .31944
6 -123.31579 49.14931 -61.15843 .33333
6 -123.31580 49.14713 -60.68833 .34722
6 -123.31596 49.14469 -60.41573 .36111
6 -123.31626 49.14186 -60.17349 .37500
6 -123.31664 49.13922 -59.66975 .38889
6 -123.31728 49.13630 -58.78561 .40278
6 -123.31831 49.13288 -58.80700 .41667
6 -123.31945 49.12933 -59.00815 .43056
6 -123.32034 49.12588 -59.06975 .44444
6 -123.32198 49.12219 -60.08424 .45833
6 -123.32344 49.11861 -61.04341 .47222
6 -123.32575 49.11454 -63.00560 .48611
6 -123.32800 49.11046 -64.61004 .50000
6 -123.32976 49.10645 -67.60595 .51389
6 -123.33118 49.10426 -68.77579 .52778
6 -123.33254 49.10300 -68.24194 .54167
6 -123.33389 49.10174 -67.70810 .55556
6 -123.33499 49.10090 -67.54043 .56944
6 -123.33583 49.10069 -67.04806 .58333
6 -123.33825 49.09953 -66.57884 .59722
6 -123.34060 49.09904 -67.31293 .61111
6 -123.34169 49.09961 -69.47674 .62500
6 -123.34278 49.10019 -71.64056 .63889
6 -123.34446 49.10077 -73.82542 .65278
6 -123.34640 49.10147 -76.02571 .66667
6 -123.34835 49.10217 -78.22599 .68056
6 -123.35031 49.10334 -79.19180 .69444
6 -123.35243 49.10468 -79.27938 .70833
6 -123.35453 49.10602 -79.36695 .72222
6 -123.35693 49.10721 -81.33546 .73611
6 -123.35924 49.10839 -84.61441 .75000
6 -123.36171 49.10955 -87.74569 .76389
7 -123.30807 49.19026 -45.04105 .00000
7 -123.30802 49.18983 -45.39071 .01389
7 -123.30804 49.18973 -45.55726 .02778
7 -123.30812 49.18996 -45.54071 .04167
7 -123.30819 49.19019 -45.52417 .05556
7 -123.30865 49.19047 -45.43980 .06944
7 -123.30912 49.19096 -45.59394 .08333
7 -123.30960 49.19145 -45.74807 .09722
7 -123.31001 49.19196 -45.66275 .11111
7 -123.31037 49.19249 -45.33796 .12500
7 -123.31073 49.19303 -45.01318 .13889
7 -123.31106 49.19370 -45.14037 .15278
7 -123.31143 49.19447 -45.49765 .16667
7 -123.31191 49.19518 -45.65409 .18056
7 -123.31223 49.19580 -45.75898 .19444
7 -123.31239 49.19635 -45.81231 .20833
7 -123.31256 49.19689 -45.86563 .22222
7 -123.31228 49.19709 -45.61175 .23611
7 -123.31155 49.19695 -45.05067 .25000
7 -123.31083 49.19681 -44.48958 .26389
7 -123.30977 49.19596 -43.67603 .27778
7 -123.30822 49.19453 -42.19265 .29167
7 -123.30644 49.19326 -40.13340 .30556
7 -123.30553 49.19195 -38.74058 .31944
7 -123.30552 49.19062 -38.23344 .33333
7 -123.30561 49.18929 -38.00046 .34722
7 -123.30561 49.18796 -38.26418 .36111
7 -123.30525 49.18631 -38.59227 .37500
7 -123.30537 49.18408 -38.22545 .38889
7 -123.30539 49.18159 -37.74066 .40278
7 -123.30511 49.17906 -36.98655 .41667
7 -123.30496 49.17667 -36.45128 .43056
7 -123.30498 49.17420 -35.57287 .44444
7 -123.30493 49.17162 -34.54480 .45833
7 -123.30537 49.16893 -33.96500 .47222
7 -123.30606 49.16650 -33.74065 .48611
7 -123.30685 49.16435 -33.59945 .50000
7 -123.30774 49.16219 -33.15746 .51389
7 -123.30863 49.16041 -33.16136 .52778
7 -123.30967 49.15912 -33.75429 .54167
7 -123.31099 49.15787 -34.76510 .55556
7 -123.31223 49.15690 -35.50933 .56944
7 -123.31335 49.15627 -35.87246 .58333
7 -123.31461 49.15582 -36.42119 .59722
7 -123.31556 49.15574 -37.20791 .61111
7 -123.31621 49.15604 -38.23260 .62500
7 -123.31690 49.15619 -39.29313 .63889
7 -123.31767 49.15585 -39.97811 .65278
7 -123.31838 49.15579 -40.24250 .66667
7 -123.31914 49.15570 -40.49078 .68056
7 -123.31979 49.15563 -40.55298 .69444
7 -123.32033 49.15557 -40.55669 .70833
7 -123.32087 49.15551 -40.56039 .72222
8 -123.30807 49.19026 -59.00765 .00000
8 -123.30933 49.18864 -59.27077 .01389
8 -123.31051 49.18717 -59.12772 .02778
8 -123.31158 49.18581 -58.76012 .04167
8 -123.31251 49.18437 -58.98379 .05556
8 -123.31337 49.18304 -59.19930 .06944
8 -123.31423 49.18181 -59.14424 .08333
8 -123.31519 49.18066 -59.13253 .09722
8 -123.31618 49.17969 -59.04639 .11111
8 -123.31719 49.17889 -58.88027 .12500
8 -123.31821 49.17808 -58.67189 .13889
8 -123.31909 49.17712 -57.93614 .15278
8 -123.31978 49.17598 -57.12616 .16667
8 -123.32037 49.17487 -56.30121 .18056
8 -123.32057 49.17346 -55.74606 .19444
8 -123.32062 49.17195 -55.44125 .20833
8 -123.32075 49.17051 -55.12742 .22222
8 -123.32069 49.16869 -53.71042 .23611
8 -123.32047 49.16648 -51.80910 .25000
8 -123.32001 49.16445 -49.83209 .26389
8 -123.31908 49.16190 -48.17786 .27778
8 -123.31803 49.15886 -47.46636 .29167
8 -123.31705 49.15578 -46.87651 .30556
8 -123.31622 49.15234 -46.04344 .31944
8 -123.31560 49.14854 -44.90647 .33333
8 -123.31540 49.14481 -43.84119 .34722
8 -123.31576 49.14092 -43.45490 .36111
8 -123.31617 49.13682 -42.86120 .37500
8 -123.31726 49.13283 -43.00314 .38889
8 -123.31887 49.12890 -44.44927 .40278
8 -123.32120 49.12496 -47.10596 .41667
8 -123.32331 49.12159 -49.04542 .43056
8 -123.32485 49.11902 -50.99714 .44444
8 -123.32662 49.11631 -52.48649 .45833
8 -123.32930 49.11333 -51.12851 .47222
8 -123.33155 49.11122 -51.04673 .48611
8 -123.33373 49.10997 -50.85389 .50000
8 -123.33584 49.10876 -51.52863 .51389
8 -123.33778 49.10773 -52.85887 .52778
8 -123.33996 49.10713 -54.34477 .54167
8 -123.34245 49.10658 -55.43652 .55556
8 -123.34527 49.10666 -56.88191 .56944
8 -123.34852 49.10749 -59.30652 .58333
8 -123.35179 49.10825 -62.04586 .59722
8 -123.35475 49.10968 -63.80623 .61111
8 -123.35754 49.11162 -64.73748 .62500
8 -123.36074 49.11330 -66.61832 .63889
8 -123.36382 49.11406 -67.57860 .65278
8 -123.36701 49.11459 -67.16557 .66667
8 -123.36970 49.11607 -66.44888 .68056
9 -123.30807 49.19026 -77.00977 .00000
9 -123.30788 49.18836 -75.74048 .01389
9 -123.30774 49.18654 -74.66160 .02778
9 -123.30772 49.18481 -73.91435 .04167
9 -123.30789 49.18311 -73.56119 .05556
9 -123.30826 49.18142 -73.77357 .06944
9 -123.30881 49.17975 -74.53164 .08333
9 -123.30918 49.17823 -75.53796 .09722
9 -123.30947 49.17656 -75.69962 .11111
9 -123.30966 49.17462 -73.87657 .12500
9 -123.30983 49.17264 -71.33534 .13889
9 -123.31001 49.17048 -69.71602 .15278
9 -123.31018 49.16821 -68.90227 .16667
9 -123.31042 49.16607 -67.92300 .18056
9 -123.31082 49.16384 -67.27419 .19444
9 -123.31073 49.16199 -66.34283 .20833
9 -123.31022 49.16026 -64.79972 .22222
9 -123.30986 49.15813 -63.80920 .23611
9 -123.30974 49.15578 -64.10259 .25000
9 -123.30964 49.15345 -64.40359 .26389
9 -123.30965 49.15084 -64.42643 .27778
9 -123.30965 49.14788 -64.26227 .29167
9 -123.30989 49.14518 -64.53757 .30556
9 -123.31026 49.14222 -64.13046 .31944
9 -123.31083 49.13927 -63.43797 .33333
9 -123.31152 49.13632 -63.23582 .34722
9 -123.31258 49.13345 -63.94822 .36111
9 -123.31370 49.13055 -64.83513 .37500
9 -123.31438 49.12770 -64.76806 .38889
9 -123.31587 49.12488 -65.51798 .40278
9 -123.31837 49.12239 -67.63516 .41667
9 -123.32066 49.12049 -68.45404 .43056
9 -123.32251 49.11915 -68.28207 .44444
9 -123.32387 49.11825 -66.69006 .45833
9 -123.32533 49.11669 -64.99683 .47222
9 -123.32703 49.11552 -64.01436 .48611
9 -123.32842 49.11495 -63.83156 .50000
9 -123.32982 49.11438 -63.64877 .51389
9 -123.33166 49.11414 -65.04784 .52778
9 -123.33375 49.11447 -67.49671 .54167
9 -123.33458 49.11462 -69.89257 .55556
9 -123.33603 49.11488 -71.96260 .56944
9 -123.33812 49.11527 -73.70680 .58333
9 -123.34020 49.11560 -75.91967 .59722
9 -123.34250 49.11622 -77.94786 .61111
9 -123.34609 49.11666 -79.91662 .62500
9 -123.34960 49.11697 -81.95021 .63889
10 -123.30807 49.19026 -45.04105 .00000
10 -123.30861 49.19105 -45.03505 .01389
10 -123.30907 49.19189 -45.26291 .02778
10 -123.30946 49.19277 -45.72462 .04167
10 -123.30984 49.19364 -46.18633 .05556
10 -123.31004 49.19441 -46.32392 .06944
10 -123.31012 49.19503 -46.26939 .08333
10 -123.31024 49.19562 -46.30381 .09722
10 -123.30990 49.19583 -46.02169 .11111
10 -123.30908 49.19563 -45.42305 .12500
10 -123.30826 49.19544 -44.82441 .13889
10 -123.30698 49.19475 -43.37211 .15278
10 -123.30533 49.19353 -41.43778 .16667
10 -123.30368 49.19231 -39.50344 .18056
10 -123.30323 49.19119 -38.36186 .19444
10 -123.30325 49.18996 -38.12908 .20833
10 -123.30326 49.18873 -37.89629 .22222
10 -123.30331 49.18753 -38.15377 .23611
10 -123.30374 49.18626 -38.47820 .25000
10 -123.30423 49.18435 -38.11865 .26389
10 -123.30425 49.18184 -37.63785 .27778
10 -123.30402 49.17944 -36.83402 .29167
10 -123.30378 49.17711 -36.00658 .30556
10 -123.30381 49.17469 -35.12096 .31944
10 -123.30377 49.17211 -34.08087 .33333
10 -123.30414 49.16942 -33.47047 .34722
10 -123.30482 49.16699 -33.21219 .36111
10 -123.30557 49.16485 -33.13733 .37500
10 -123.30647 49.16270 -32.87995 .38889
10 -123.30737 49.16094 -32.87233 .40278
10 -123.30823 49.15956 -33.32935 .41667
10 -123.30950 49.15820 -34.46494 .43056
10 -123.31072 49.15719 -35.23324 .44444
10 -123.31176 49.15650 -35.55908 .45833
10 -123.31282 49.15583 -35.90962 .47222
10 -123.31379 49.15572 -36.69926 .48611
10 -123.31449 49.15598 -37.72055 .50000
10 -123.31519 49.15624 -38.74183 .51389
10 -123.31588 49.15625 -39.39879 .52778
10 -123.31649 49.15623 -39.68482 .54167
10 -123.31715 49.15620 -39.94736 .55556
10 -123.31773 49.15612 -40.14264 .56944
10 -123.31817 49.15605 -40.29984 .58333
10 -123.31860 49.15597 -40.45703 .59722
11 -123.30807 49.19026 -59.00765 .00000
11 -123.30881 49.18903 -59.02232 .01389
11 -123.30948 49.18780 -58.85099 .02778
11 -123.31010 49.18657 -58.49369 .04167
11 -123.31072 49.18534 -58.12816 .05556
11 -123.31111 49.18383 -57.09355 .06944
11 -123.31117 49.18214 -55.38541 .08333
11 -123.31124 49.18046 -53.67727 .09722
11 -123.31126 49.17841 -52.45170 .11111
11 -123.31099 49.17597 -51.40307 .12500
11 -123.31026 49.17391 -50.22185 .13889
11 -123.30915 49.17167 -49.35557 .15278
11 -123.30807 49.16901 -48.68168 .16667
11 -123.30720 49.16643 -48.44933 .18056
11 -123.30634 49.16346 -47.84684 .19444
11 -123.30547 49.16008 -46.81965 .20833
11 -123.30499 49.15699 -45.38079 .22222
11 -123.30461 49.15379 -43.95594 .23611
11 -123.30409 49.15015 -43.00507 .25000
11 -123.30383 49.14685 -42.85887 .26389
11 -123.30348 49.14368 -43.40863 .27778
11 -123.30314 49.14060 -44.50259 .29167
11 -123.30404 49.13718 -45.17202 .30556
11 -123.30511 49.13406 -46.65450 .31944
11 -123.30659 49.13143 -47.71569 .33333
11 -123.30816 49.12880 -47.26112 .34722
11 -123.30970 49.12659 -46.91486 .36111
11 -123.31095 49.12488 -46.67294 .37500
11 -123.31219 49.12316 -46.49696 .38889
11 -123.31311 49.12200 -46.86664 .40278
11 -123.31377 49.12154 -47.14825 .41667
11 -123.31448 49.12105 -47.50091 .43056
11 -123.31552 49.12103 -48.39921 .44444
11 -123.31613 49.12178 -48.49726 .45833
11 -123.31673 49.12254 -48.59530 .47222
11 -123.31694 49.12398 -49.00477 .48611
11 -123.31715 49.12594 -50.09414 .50000
11 -123.31772 49.12708 -51.88449 .51389
11 -123.31796 49.12801 -52.85816 .52778
11 -123.31827 49.12919 -53.00449 .54167
11 -123.31892 49.13016 -53.97527 .55556
12 -123.30807 49.19026 -77.00977 .00000
12 -123.30810 49.18821 -77.71007 .01389
12 -123.30826 49.18605 -77.91599 .02778
12 -123.30848 49.18384 -77.15988 .04167
12 -123.30864 49.18163 -75.76557 .05556
12 -123.30880 49.17927 -74.81456 .06944
12 -123.30894 49.17689 -74.26592 .08333
12 -123.30905 49.17444 -73.62377 .09722
12 -123.30918 49.17192 -72.50717 .11111
12 -123.30945 49.16937 -71.41256 .12500
12 -123.30978 49.16700 -71.14952 .13889
12 -123.31008 49.16458 -70.77543 .15278
12 -123.31053 49.16227 -70.00230 .16667
12 -123.31118 49.16000 -69.23006 .18056
12 -123.31172 49.15775 -68.52673 .19444
12 -123.31209 49.15568 -68.13143 .20833
12 -123.31248 49.15337 -67.93890 .22222
12 -123.31263 49.15118 -67.93235 .23611
12 -123.31269 49.14906 -67.90867 .25000
12 -123.31268 49.14692 -68.13108 .26389
12 -123.31254 49.14489 -68.68205 .27778
12 -123.31253 49.14288 -68.64361 .29167
12 -123.31249 49.14117 -68.42726 .30556
12 -123.31254 49.13971 -68.00175 .31944
12 -123.31268 49.13819 -67.80199 .33333
12 -123.31268 49.13677 -67.43316 .34722
12 -123.31256 49.13590 -67.13260 .36111
12 -123.31267 49.13536 -67.29157 .37500
12 -123.31278 49.13481 -67.45053 .38889
12 -123.31295 49.13458 -67.70426 .40278
12 -123.31317 49.13467 -68.05274 .41667
12 -123.31339 49.13476 -68.40122 .43056
12 -123.31343 49.13491 -68.55336 .44444
12 -123.31329 49.13513 -68.50914 .45833
12 -123.31316 49.13535 -68.46493 .47222
12 -123.31308 49.13557 -69.34210 .48611
12 -123.31305 49.13579 -71.14063 .50000
12 -123.31302 49.13602 -72.93917 .51389
13 -123.30807 49.19026 -45.04105 .00000
13 -123.30784 49.19021 -43.85872 .01389
13 -123.30724 49.18969 -42.37305 .02778
13 -123.30628 49.18869 -40.58403 .04167
13 -123.30557 49.18771 -38.75823 .05556
13 -123.30563 49.18628 -37.97238 .06944
13 -123.30561 49.18438 -37.83756 .08333
13 -123.30559 49.18246 -37.63189 .09722
13 -123.30547 49.18033 -37.12086 .11111
13 -123.30521 49.17820 -36.20584 .12500
13 -123.30524 49.17622 -35.89740 .13889
13 -123.30556 49.17396 -34.92353 .15278
13 -123.30582 49.17148 -34.06139 .16667
13 -123.30647 49.16889 -33.27477 .18056
13 -123.30727 49.16620 -32.67632 .19444
13 -123.30798 49.16348 -32.27670 .20833
13 -123.30871 49.16073 -32.08338 .22222
13 -123.30960 49.15826 -32.02487 .23611
13 -123.31071 49.15597 -32.60018 .25000
13 -123.31176 49.15365 -33.02917 .26389
13 -123.31302 49.15164 -33.89786 .27778
13 -123.31449 49.15003 -35.32862 .29167
13 -123.31614 49.14864 -36.26541 .30556
13 -123.31763 49.14776 -36.96132 .31944
13 -123.31893 49.14737 -37.41634 .33333
13 -123.32026 49.14710 -37.87175 .34722
13 -123.32126 49.14732 -38.43272 .36111
13 -123.32192 49.14802 -39.09921 .37500
13 -123.32298 49.14801 -39.80631 .38889
13 -123.32390 49.14819 -40.26468 .40278
13 -123.32491 49.14848 -40.44379 .41667
13 -123.32612 49.14868 -40.59738 .43056
13 -123.32725 49.14886 -40.89157 .44444
13 -123.32844 49.14912 -41.74494 .45833
13 -123.32962 49.14938 -42.59831 .47222
14 -123.30807 49.19026 -59.00765 .00000
14 -123.30859 49.18753 -57.79836 .01389
14 -123.30919 49.18472 -57.23540 .02778
14 -123.30966 49.18173 -57.71441 .04167
14 -123.30999 49.17867 -57.86839 .05556
14 -123.31018 49.17552 -57.31800 .06944
14 -123.31041 49.17220 -56.60568 .08333
14 -123.31064 49.16889 -56.07200 .09722
14 -123.31064 49.16551 -55.18055 .11111
14 -123.31082 49.16232 -54.59069 .12500
14 -123.31087 49.15890 -54.02341 .13889
14 -123.31112 49.15571 -53.46348 .15278
14 -123.31151 49.15262 -52.77930 .16667
14 -123.31209 49.14954 -52.18592 .18056
14 -123.31286 49.14667 -52.33310 .19444
14 -123.31394 49.14394 -53.54766 .20833
14 -123.31512 49.14118 -54.55176 .22222
14 -123.31638 49.13884 -55.14086 .23611
14 -123.31776 49.13690 -55.50204 .25000
14 -123.31924 49.13497 -56.48647 .26389
14 -123.32088 49.13346 -56.76951 .27778
14 -123.32275 49.13267 -57.11839 .29167
14 -123.32462 49.13189 -57.46727 .30556
14 -123.32625 49.13140 -57.70612 .31944
14 -123.32769 49.13121 -57.46774 .33333
14 -123.32912 49.13101 -57.22937 .34722
14 -123.33060 49.13092 -57.81423 .36111
14 -123.33212 49.13095 -59.20669 .37500
14 -123.33393 49.13106 -61.40884 .38889
14 -123.33597 49.13132 -63.76785 .40278
14 -123.33822 49.13171 -66.22727 .41667
14 -123.34062 49.13165 -68.19058 .43056
15 -123.30807 49.19026 -77.00977 .00000
15 -123.30828 49.18779 -77.48743 .01389
15 -123.30842 49.18521 -77.82528 .02778
15 -123.30834 49.18270 -77.62417 .04167
15 -123.30808 49.17992 -76.85021 .05556
15 -123.30789 49.17732 -76.18072 .06944
15 -123.30765 49.17482 -75.65078 .08333
15 -123.30749 49.17230 -75.49229 .09722
15 -123.30719 49.16967 -74.98130 .11111
15 -123.30692 49.16766 -74.37506 .12500
15 -123.30664 49.16565 -73.76882 .13889
15 -123.30656 49.16377 -73.79180 .15278
15 -123.30645 49.16169 -74.06021 .16667
15 -123.30626 49.15976 -74.27871 .18056
15 -123.30611 49.15872 -74.02671 .19444
15 -123.30637 49.15795 -73.50547 .20833
15 -123.30663 49.15718 -72.98423 .22222
15 -123.30683 49.15614 -72.49922 .23611
15 -123.30704 49.15503 -72.05570 .25000
15 -123.30690 49.15418 -71.51334 .26389
15 -123.30674 49.15374 -71.81428 .27778
15 -123.30679 49.15356 -73.01908 .29167
15 -123.30683 49.15337 -74.22387 .30556
15 -123.30707 49.15328 -75.22460 .31944
15 -123.30751 49.15329 -76.02127 .33333
15 -123.30795 49.15330 -76.81794 .34722
15 -123.30837 49.15332 -77.08009 .36111
15 -123.30875 49.15335 -76.80771 .37500
15 -123.30913 49.15338 -76.53534 .38889
16 -123.30807 49.19026 -45.04105 .00000
16 -123.30687 49.18731 -44.52211 .01389
16 -123.30578 49.18415 -43.73800 .02778
16 -123.30475 49.18075 -42.73066 .04167
16 -123.30356 49.17716 -41.98406 .05556
16 -123.30278 49.17351 -41.09949 .06944
16 -123.30228 49.16999 -40.16531 .08333
16 -123.30177 49.16637 -39.12875 .09722
16 -123.30220 49.16389 -37.74237 .11111
16 -123.30281 49.16158 -37.02596 .12500
16 -123.30372 49.15917 -36.75208 .13889
16 -123.30463 49.15699 -37.11986 .15278
16 -123.30539 49.15504 -38.05508 .16667
16 -123.30615 49.15337 -39.01155 .18056
16 -123.30735 49.15168 -39.80361 .19444
16 -123.30877 49.15045 -40.47986 .20833
16 -123.31021 49.14913 -41.16480 .22222
16 -123.31155 49.14831 -42.13673 .23611
16 -123.31280 49.14797 -43.38872 .25000
16 -123.31404 49.14767 -44.51236 .26389
16 -123.31504 49.14767 -45.23693 .27778
16 -123.31581 49.14796 -45.56245 .29167
16 -123.31658 49.14824 -45.88796 .30556
16 -123.31712 49.14851 -45.93833 .31944
16 -123.31742 49.14876 -45.71356 .33333
16 -123.31772 49.14901 -45.48880 .34722
17 -123.30807 49.19026 -59.00765 .00000
17 -123.30806 49.18680 -57.89845 .01389
17 -123.30792 49.18338 -56.82577 .02778
17 -123.30774 49.18006 -55.41101 .04167
17 -123.30754 49.17697 -54.11680 .05556
17 -123.30737 49.17398 -53.19438 .06944
17 -123.30734 49.17106 -52.87231 .08333
17 -123.30700 49.16837 -52.64957 .09722
17 -123.30682 49.16603 -52.68867 .11111
17 -123.30693 49.16396 -53.14275 .12500
17 -123.30698 49.16195 -53.78605 .13889
17 -123.30717 49.16010 -54.14215 .15278
17 -123.30724 49.15865 -54.14969 .16667
17 -123.30725 49.15727 -54.18519 .18056
17 -123.30750 49.15602 -54.86376 .19444
17 -123.30787 49.15494 -55.89046 .20833
17 -123.30817 49.15390 -56.88182 .22222
17 -123.30851 49.15312 -57.88527 .23611
17 -123.30901 49.15255 -58.96178 .25000
17 -123.30953 49.15196 -59.94756 .26389
17 -123.31010 49.15137 -60.55185 .27778
17 -123.31068 49.15077 -61.18282 .29167
17 -123.31125 49.15018 -61.81378 .30556
18 -123.30807 49.19026 -77.00977 .00000
18 -123.30781 49.18747 -76.60388 .01389
18 -123.30764 49.18499 -76.23355 .02778
18 -123.30766 49.18293 -76.39573 .04167
18 -123.30756 49.18067 -76.55720 .05556
18 -123.30732 49.17866 -76.22396 .06944
18 -123.30720 49.17706 -76.27099 .08333
18 -123.30709 49.17545 -76.31802 .09722
18 -123.30729 49.17422 -76.37745 .11111
18 -123.30752 49.17306 -76.07496 .12500
18 -123.30759 49.17160 -75.71793 .13889
18 -123.30783 49.17042 -75.83836 .15278
18 -123.30822 49.16957 -76.42063 .16667
18 -123.30840 49.16889 -76.87687 .18056
18 -123.30880 49.16838 -77.41729 .19444
18 -123.30940 49.16805 -78.04189 .20833
18 -123.30979 49.16730 -78.40652 .22222
18 -123.31031 49.16654 -78.96077 .23611
18 -123.31098 49.16582 -79.73219 .25000
18 -123.31165 49.16511 -80.50362 .26389
19 -123.30807 49.19026 -45.04105 .00000
19 -123.30800 49.18776 -44.66521 .01389
19 -123.30787 49.18544 -44.13687 .02778
19 -123.30790 49.18314 -43.40149 .04167
19 -123.30796 49.18087 -42.65909 .05556
19 -123.30815 49.17884 -42.64958 .06944
19 -123.30847 49.17703 -43.01309 .08333
19 -123.30879 49.17522 -43.37660 .09722
19 -123.30916 49.17373 -43.87771 .11111
19 -123.30951 49.17247 -44.52053 .12500
19 -123.30986 49.17121 -45.16335 .13889
19 -123.31029 49.17023 -46.02273 .15278
19 -123.31079 49.16953 -47.09933 .16667
19 -123.31127 49.16881 -48.19142 .18056
19 -123.31174 49.16822 -49.22492 .19444
19 -123.31219 49.16777 -50.23342 .20833
19 -123.31271 49.16719 -51.26302 .22222
20 -123.30807 49.19026 -59.00765 .00000
20 -123.30821 49.18808 -58.22424 .01389
20 -123.30828 49.18609 -57.94104 .02778
20 -123.30841 49.18421 -58.12978 .04167
20 -123.30873 49.18232 -58.25440 .05556
20 -123.30914 49.18071 -58.39302 .06944
20 -123.30957 49.17925 -58.58839 .08333
20 -123.31004 49.17776 -58.75952 .09722
20 -123.31065 49.17651 -59.18803 .11111
20 -123.31141 49.17553 -59.89402 .12500
20 -123.31218 49.17454 -60.60002 .13889
20 -123.31299 49.17356 -61.44938 .15278
20 -123.31387 49.17262 -62.37444 .16667
20 -123.31488 49.17175 -63.05659 .18056
21 -123.30807 49.19026 -77.00977 .00000
21 -123.30790 49.18901 -77.11208 .01389
21 -123.30793 49.18794 -77.47922 .02778
21 -123.30814 49.18706 -78.11118 .04167
21 -123.30836 49.18618 -78.74314 .05556
21 -123.30875 49.18545 -79.41114 .06944
21 -123.30930 49.18489 -80.11517 .08333
21 -123.30984 49.18434 -80.77975 .09722
21 -123.31027 49.18363 -81.11767 .11111
21 -123.31073 49.18292 -81.50130 .12500
21 -123.31119 49.18220 -81.88494 .13889
22 -123.30807 49.19026 -45.04105 .00000
22 -123.30830 49.18920 -45.33516 .01389
22 -123.30841 49.18819 -45.45726 .02778
22 -123.30839 49.18725 -45.40735 .04167
22 -123.30837 49.18630 -45.35744 .05556
22 -123.30848 49.18550 -46.07507 .06944
22 -123.30873 49.18486 -47.55734 .08333
22 -123.30915 49.18416 -48.94109 .09722
23 -123.30807 49.19026 -59.00765 .00000
23 -123.30886 49.18921 -59.11056 .01389
23 -123.30969 49.18833 -59.53497 .02778
23 -123.31055 49.18760 -60.28090 .04167
23 -123.31142 49.18687 -61.02683 .05556
24 -123.30807 49.19026 -77.00977 .00000
24 -123.30828 49.18960 -77.20120 .01389
