1 -123.30807 49.19026 -45.04105 .00000
1 -123.30852 49.19078 -45.10617 .01389
1 -123.30893 49.19123 -45.19051 .02778
1 -123.30931 49.19161 -45.29405 .04167
1 -123.30969 49.19199 -45.39759 .05556
1 -123.31017 49.19215 -47.86163 .06944
1 -123.31071 49.19216 -52.72375 .08333
1 -123.31117 49.19227 -57.65352 .09722
1 -123.31191 49.19213 -61.85851 .11111
1 -123.31291 49.19175 -65.33873 .12500
1 -123.31363 49.19153 -68.92437 .13889
1 -123.31407 49.19126 -71.02596 .15278
1 -123.31452 49.19079 -71.54127 .16667
1 -123.31496 49.19032 -72.04341 .18056
1 -123.31521 49.18972 -72.27368 .19444
1 -123.31542 49.18919 -72.54465 .20833
1 -123.31562 49.18866 -72.81562 .22222
1 -123.31584 49.18832 -72.26612 .23611
1 -123.31605 49.18816 -70.89615 .25000
1 -123.31627 49.18800 -69.52618 .26389
1 -123.31651 49.18805 -68.71220 .27778
1 -123.31677 49.18829 -68.45422 .29167
1 -123.31703 49.18853 -68.19623 .30556
1 -123.31742 49.18899 -67.95371 .31944
1 -123.31792 49.18966 -67.72665 .33333
1 -123.31842 49.19034 -67.49959 .34722
1 -123.31886 49.19128 -66.95298 .36111
1 -123.31833 49.19271 -65.00503 .37500
1 -123.31785 49.19412 -62.85651 .38889
1 -123.31728 49.19560 -61.43809 .40278
1 -123.31665 49.19704 -60.76501 .41667
1 -123.31616 49.19843 -60.14881 .43056
1 -123.31577 49.20010 -59.90790 .44444
1 -123.31559 49.20232 -60.10894 .45833
1 -123.31541 49.20433 -60.04218 .47222
1 -123.31494 49.20607 -59.80149 .48611
1 -123.31379 49.20739 -59.72391 .50000
1 -123.31263 49.20870 -59.66205 .51389
1 -123.31156 49.20967 -59.92305 .52778
1 -123.31098 49.21082 -60.96052 .54167
1 -123.31059 49.21224 -62.20434 .55556
1 -123.30992 49.21323 -62.92178 .56944
1 -123.30899 49.21377 -63.11283 .58333
1 -123.30814 49.21449 -63.29111 .59722
1 -123.30769 49.21576 -62.83670 .61111
1 -123.30716 49.21647 -61.87499 .62500
1 -123.30675 49.21706 -60.97868 .63889
1 -123.30660 49.21747 -59.71743 .65278
1 -123.30673 49.21768 -58.09123 .66667
1 -123.30686 49.21790 -56.46502 .68056
1 -123.30724 49.21816 -55.80630 .69444
1 -123.30787 49.21845 -56.11506 .70833
1 -123.30850 49.21875 -56.42381 .72222
1 -123.30902 49.21913 -56.14991 .73611
1 -123.30943 49.21959 -55.29335 .75000
1 -123.30984 49.22005 -54.43679 .76389
1 -123.31018 49.22059 -53.38140 .77778
1 -123.31055 49.22115 -52.07699 .79167
1 -123.31089 49.22170 -50.77600 .80556
1 -123.31099 49.22232 -49.78942 .81944
1 -123.31099 49.22311 -49.09723 .83333
1 -123.31100 49.22391 -48.40505 .84722
1 -123.31091 49.22480 -47.39302 .86111
1 -123.31093 49.22584 -46.08582 .87500
1 -123.31109 49.22692 -44.70704 .88889
1 -123.31134 49.22806 -44.17332 .90278
1 -123.31168 49.22926 -44.48467 .91667
1 -123.31203 49.23044 -44.74507 .93056
1 -123.31239 49.23159 -45.54874 .94444
1 -123.31275 49.23276 -46.97102 .95833
1 -123.31312 49.23393 -48.39329 .97222
2 -123.30807 49.19026 -59.00765 .00000
2 -123.30826 49.19188 -58.91245 .01389
2 -123.30873 49.19303 -61.91708 .02778
2 -123.30954 49.19384 -68.03974 .04167
2 -123.31057 49.19532 -73.63400 .05556
2 -123.31148 49.19628 -77.25142 .06944
2 -123.31237 49.19673 -79.61882 .08333
2 -123.31326 49.19717 -81.98622 .09722
2 -123.31396 49.19731 -84.70881 .11111
2 -123.31426 49.19687 -87.18646 .12500
2 -123.31462 49.19657 -89.45772 .13889
2 -123.31476 49.19621 -90.07704 .15278
2 -123.31469 49.19579 -89.04441 .16667
2 -123.31461 49.19537 -88.01178 .18056
2 -123.31429 49.19504 -87.05052 .19444
2 -123.31437 49.19490 -86.20155 .20833
2 -123.31451 49.19477 -85.35679 .22222
2 -123.31459 49.19483 -84.14860 .23611
2 -123.31458 49.19509 -82.57698 .25000
2 -123.31457 49.19535 -81.00536 .26389
2 -123.31460 49.19576 -80.54018 .27778
2 -123.31465 49.19633 -81.18145 .29167
2 -123.31471 49.19689 -81.82272 .30556
2 -123.31497 49.19760 -81.49880 .31944
2 -123.31544 49.19844 -80.25914 .33333
2 -123.31590 49.19924 -79.05330 .34722
2 -123.31653 49.20024 -78.62143 .36111
2 -123.31727 49.20138 -79.06683 .37500
2 -123.31799 49.20249 -79.26379 .38889
2 -123.31876 49.20375 -79.84367 .40278
2 -123.31961 49.20522 -81.33106 .41667
2 -123.32044 49.20665 -82.79491 .43056
2 -123.32118 49.20801 -83.69552 .44444
2 -123.32185 49.20946 -84.12103 .45833
2 -123.32252 49.21088 -84.51611 .47222
2 -123.32300 49.21206 -85.17114 .48611
2 -123.32322 49.21317 -86.30795 .50000
2 -123.32362 49.21423 -87.46704 .51389
2 -123.32410 49.21507 -88.42710 .52778
2 -123.32432 49.21578 -88.47952 .54167
2 -123.32450 49.21650 -88.31840 .55556
2 -123.32457 49.21710 -87.80808 .56944
2 -123.32449 49.21753 -86.93640 .58333
2 -123.32452 49.21770 -86.04778 .59722
2 -123.32450 49.21779 -85.41990 .61111
2 -123.32443 49.21780 -85.05277 .62500
2 -123.32436 49.21780 -84.68563 .63889
2 -123.32417 49.21772 -84.59974 .65278
2 -123.32387 49.21754 -84.79509 .66667
2 -123.32357 49.21736 -84.99045 .68056
2 -123.32328 49.21715 -84.69794 .69444
2 -123.32301 49.21691 -83.91756 .70833
2 -123.32274 49.21667 -83.13718 .72222
2 -123.32239 49.21657 -81.98229 .73611
2 -123.32198 49.21660 -80.45290 .75000
2 -123.32157 49.21664 -78.92350 .76389
2 -123.32122 49.21690 -77.33691 .77778
2 -123.32092 49.21738 -75.69314 .79167
2 -123.32063 49.21786 -74.04936 .80556
2 -123.32045 49.21848 -72.78471 .81944
2 -123.32041 49.21925 -71.89919 .83333
2 -123.32036 49.22002 -71.01366 .84722
2 -123.32058 49.22096 -70.37882 .86111
2 -123.32111 49.22207 -69.76882 .87500
2 -123.32165 49.22312 -68.85492 .88889
2 -123.32251 49.22439 -68.44353 .90278
2 -123.32371 49.22587 -68.52074 .91667
2 -123.32485 49.22725 -68.47463 .93056
3 -123.30807 49.19026 -77.00977 .00000
3 -123.30925 49.19182 -83.78543 .01389
3 -123.31002 49.19258 -88.71793 .02778
3 -123.31057 49.19275 -92.60550 .04167
3 -123.31112 49.19294 -96.57116 .05556
3 -123.31150 49.19281 -98.63706 .06944
3 -123.31170 49.19236 -98.80320 .08333
3 -123.31189 49.19191 -98.96935 .09722
3 -123.31199 49.19152 -99.73709 .11111
3 -123.31200 49.19121 -101.10644 .12500
3 -123.31201 49.19089 -102.47578 .13889
3 -123.31173 49.19074 -102.67901 .15278
3 -123.31114 49.19074 -101.71611 .16667
3 -123.31056 49.19074 -100.75321 .18056
3 -123.30983 49.19097 -99.81754 .19444
3 -123.30898 49.19145 -98.94292 .20833
3 -123.30847 49.19217 -98.40643 .22222
3 -123.30821 49.19298 -99.04553 .23611
3 -123.30821 49.19388 -100.86022 .25000
3 -123.30821 49.19477 -102.67491 .26389
3 -123.30826 49.19569 -104.08305 .27778
3 -123.30830 49.19662 -105.05245 .29167
3 -123.30833 49.19756 -106.02185 .30556
3 -123.30820 49.19856 -105.83389 .31944
3 -123.30776 49.19927 -105.75554 .33333
3 -123.30732 49.19998 -105.67718 .34722
3 -123.30717 49.20066 -105.78918 .36111
3 -123.30688 49.20148 -104.87243 .37500
3 -123.30642 49.20238 -103.45779 .38889
3 -123.30610 49.20314 -102.55580 .40278
3 -123.30589 49.20372 -102.39730 .41667
3 -123.30546 49.20403 -103.75567 .43056
3 -123.30526 49.20425 -105.37100 .44444
3 -123.30529 49.20438 -107.24328 .45833
3 -123.30532 49.20451 -109.11556 .47222
3 -123.30568 49.20430 -110.93773 .48611
3 -123.30614 49.20389 -111.89408 .50000
3 -123.30626 49.20354 -110.37248 .51389
3 -123.30633 49.20328 -109.24348 .52778
3 -123.30636 49.20306 -108.51693 .54167
3 -123.30640 49.20285 -107.79037 .55556
3 -123.30644 49.20264 -107.10754 .56944
3 -123.30649 49.20245 -106.46845 .58333
3 -123.30654 49.20226 -105.82935 .59722
3 -123.30648 49.20212 -104.92996 .61111
3 -123.30633 49.20204 -103.77027 .62500
3 -123.30617 49.20196 -102.61058 .63889
3 -123.30604 49.20201 -101.89184 .65278
3 -123.30594 49.20220 -101.61406 .66667
3 -123.30584 49.20239 -101.33628 .68056
3 -123.30582 49.20276 -100.64499 .69444
3 -123.30589 49.20332 -99.54019 .70833
3 -123.30597 49.20386 -99.00391 .72222
3 -123.30604 49.20452 -98.91134 .73611
3 -123.30607 49.20532 -98.31966 .75000
3 -123.30611 49.20612 -97.72797 .76389
3 -123.30581 49.20711 -95.29779 .77778
3 -123.30526 49.20817 -91.36088 .79167
3 -123.30472 49.20924 -87.42397 .80556
3 -123.30432 49.21051 -84.39421 .81944
3 -123.30372 49.21152 -82.43808 .83333
3 -123.30312 49.21254 -80.48196 .84722
3 -123.30321 49.21363 -80.74729 .86111
3 -123.30354 49.21483 -81.64867 .87500
3 -123.30386 49.21603 -82.55004 .88889
4 -123.30807 49.19026 -45.04105 .00000
4 -123.30917 49.19033 -47.66074 .01389
4 -123.31008 49.19100 -49.38495 .02778
4 -123.31080 49.19225 -50.21368 .04167
4 -123.31153 49.19338 -51.05027 .05556
4 -123.31210 49.19367 -50.81786 .06944
4 -123.31219 49.19529 -49.65940 .08333
4 -123.31261 49.19729 -49.01912 .09722
4 -123.31278 49.19929 -48.18538 .11111
4 -123.31275 49.20114 -47.20811 .12500
4 -123.31272 49.20298 -46.23084 .13889
4 -123.31285 49.20527 -45.37953 .15278
4 -123.31299 49.20780 -44.75793 .16667
4 -123.31309 49.21012 -44.14339 .18056
4 -123.31280 49.21233 -43.48574 .19444
4 -123.31223 49.21477 -43.06299 .20833
4 -123.31190 49.21694 -42.90912 .22222
4 -123.31121 49.21902 -42.91568 .23611
4 -123.31029 49.22081 -42.99218 .25000
4 -123.30978 49.22250 -42.98481 .26389
4 -123.30929 49.22426 -42.49923 .27778
4 -123.30889 49.22617 -41.49424 .29167
4 -123.30872 49.22796 -40.01999 .30556
4 -123.30848 49.22974 -39.57307 .31944
4 -123.30827 49.23167 -39.80397 .33333
4 -123.30825 49.23357 -39.19122 .34722
4 -123.30720 49.23542 -38.76612 .36111
4 -123.30624 49.23728 -38.72394 .37500
4 -123.30582 49.23905 -38.75466 .38889
4 -123.30528 49.24072 -39.24040 .40278
4 -123.30492 49.24229 -40.15858 .41667
4 -123.30447 49.24351 -40.65052 .43056
4 -123.30417 49.24458 -40.69153 .44444
4 -123.30385 49.24555 -40.54196 .45833
4 -123.30353 49.24652 -40.39238 .47222
4 -123.30328 49.24731 -40.20710 .48611
4 -123.30309 49.24792 -39.98611 .50000
4 -123.30333 49.24872 -40.39845 .51389
4 -123.30416 49.24945 -40.40498 .52778
4 -123.30502 49.25019 -39.58063 .54167
4 -123.30589 49.25082 -38.98203 .55556
4 -123.30709 49.25181 -37.97592 .56944
4 -123.30837 49.25300 -36.88059 .58333
4 -123.30974 49.25420 -35.93051 .59722
4 -123.31095 49.25532 -34.97871 .61111
4 -123.31192 49.25640 -34.20897 .62500
4 -123.31282 49.25752 -33.60477 .63889
4 -123.31362 49.25867 -32.62776 .65278
4 -123.31431 49.25983 -31.27794 .66667
4 -123.31456 49.26134 -30.53762 .68056
4 -123.31469 49.26268 -29.98762 .69444
4 -123.31482 49.26392 -29.50792 .70833
4 -123.31490 49.26515 -28.79615 .72222
4 -123.31499 49.26629 -27.58389 .73611
4 -123.31521 49.26734 -26.48573 .75000
4 -123.31522 49.26830 -25.36932 .76389
4 -123.31498 49.26918 -24.71235 .77778
4 -123.31469 49.27013 -24.90286 .79167
4 -123.31434 49.27113 -25.16015 .80556
4 -123.31407 49.27188 -25.51561 .81944
4 -123.31387 49.27244 -25.97177 .83333
4 -123.31389 49.27371 -26.46157 .84722
5 -123.30807 49.19026 -59.00765 .00000
5 -123.30907 49.19050 -59.75921 .01389
5 -123.30994 49.19090 -59.72702 .02778
5 -123.31067 49.19144 -58.91110 .04167
5 -123.31141 49.19199 -58.09517 .05556
5 -123.31214 49.19289 -56.99623 .06944
5 -123.31298 49.19401 -55.82107 .08333
5 -123.31401 49.19491 -55.09344 .09722
5 -123.31480 49.19606 -54.31589 .11111
5 -123.31533 49.19746 -53.48842 .12500
5 -123.31606 49.19869 -52.91513 .13889
5 -123.31661 49.19993 -52.61751 .15278
5 -123.31708 49.20152 -52.12959 .16667
5 -123.31771 49.20311 -51.47711 .18056
5 -123.31824 49.20464 -51.13908 .19444
5 -123.31863 49.20622 -51.11791 .20833
5 -123.31905 49.20772 -50.98910 .22222
5 -123.31907 49.20900 -50.58733 .23611
5 -123.31919 49.21010 -49.99690 .25000
5 -123.31932 49.21121 -49.40648 .26389
5 -123.31973 49.21246 -49.05533 .27778
5 -123.32024 49.21368 -49.02274 .29167
5 -123.32075 49.21490 -48.99015 .30556
5 -123.32094 49.21596 -48.52008 .31944
5 -123.32082 49.21686 -47.85020 .33333
5 -123.32074 49.21776 -47.44917 .34722
5 -123.32034 49.21841 -47.47614 .36111
5 -123.31963 49.21881 -47.93111 .37500
5 -123.31912 49.21949 -48.19302 .38889
5 -123.31868 49.22032 -48.34826 .40278
5 -123.31791 49.22072 -48.81470 .41667
5 -123.31715 49.22111 -49.28114 .43056
5 -123.31643 49.22112 -49.66383 .44444
5 -123.31577 49.22076 -49.96278 .45833
5 -123.31511 49.22039 -50.26172 .47222
5 -123.31483 49.21990 -50.04240 .48611
5 -123.31494 49.21929 -49.30481 .50000
5 -123.31504 49.21867 -48.56723 .51389
5 -123.31541 49.21817 -48.25077 .52778
5 -123.31599 49.21777 -48.28361 .54167
5 -123.31657 49.21737 -48.31645 .55556
5 -123.31716 49.21711 -48.04796 .56944
5 -123.31747 49.21664 -47.50604 .58333
5 -123.31757 49.21591 -46.98523 .59722
5 -123.31758 49.21539 -46.38931 .61111
5 -123.31751 49.21508 -45.71826 .62500
5 -123.31744 49.21477 -45.04722 .63889
5 -123.31730 49.21478 -44.21840 .65278
5 -123.31707 49.21510 -43.23180 .66667
5 -123.31685 49.21542 -42.24521 .68056
5 -123.31656 49.21595 -41.50017 .69444
5 -123.31644 49.21701 -40.46967 .70833
5 -123.31634 49.21810 -39.38116 .72222
5 -123.31632 49.21907 -38.89770 .73611
5 -123.31615 49.22005 -38.59733 .75000
5 -123.31598 49.22103 -38.29696 .76389
5 -123.31580 49.22198 -38.64987 .77778
5 -123.31571 49.22292 -39.66604 .79167
5 -123.31584 49.22396 -40.87246 .80556
6 -123.30807 49.19026 -77.00977 .00000
6 -123.30790 49.19000 -78.13010 .01389
6 -123.30751 49.18988 -77.95195 .02778
6 -123.30692 49.18989 -76.58753 .04167
6 -123.30633 49.18990 -75.22312 .05556
6 -123.30577 49.18987 -73.31299 .06944
6 -123.30525 49.18980 -70.85715 .08333
6 -123.30472 49.18973 -68.40131 .09722
6 -123.30453 49.18992 -67.18780 .11111
6 -123.30466 49.19038 -67.21662 .12500
6 -123.30480 49.19084 -67.24544 .13889
6 -123.30494 49.19226 -66.76404 .15278
6 -123.30443 49.19562 -66.53760 .16667
6 -123.30406 49.19723 -67.50470 .18056
6 -123.30426 49.19777 -67.23705 .19444
6 -123.30309 49.20051 -65.89385 .20833
6 -123.30223 49.20339 -66.46671 .22222
6 -123.30222 49.20556 -67.53972 .23611
6 -123.30272 49.20651 -68.84425 .25000
6 -123.30323 49.20747 -70.13782 .26389
6 -123.30393 49.20861 -70.56740 .27778
6 -123.30470 49.20971 -70.50292 .29167
6 -123.30548 49.21082 -70.43844 .30556
6 -123.30609 49.21197 -70.91989 .31944
6 -123.30650 49.21309 -71.54598 .33333
6 -123.30691 49.21421 -72.17207 .34722
6 -123.30702 49.21527 -72.36465 .36111
6 -123.30683 49.21629 -72.12373 .37500
6 -123.30661 49.21733 -72.84998 .38889
6 -123.30601 49.21814 -73.06663 .40278
6 -123.30510 49.21873 -72.60166 .41667
6 -123.30456 49.21953 -71.76444 .43056
6 -123.30398 49.22014 -70.15879 .44444
6 -123.30337 49.22059 -67.78470 .45833
6 -123.30239 49.22086 -65.29878 .47222
6 -123.30167 49.22111 -63.74632 .48611
6 -123.30139 49.22140 -63.17724 .50000
6 -123.30111 49.22169 -62.60815 .51389
6 -123.30122 49.22241 -61.14959 .52778
6 -123.30149 49.22326 -59.75389 .54167
6 -123.30222 49.22409 -59.11232 .55556
6 -123.30276 49.22499 -57.92821 .56944
6 -123.30298 49.22596 -55.99460 .58333
6 -123.30321 49.22693 -54.06099 .59722
6 -123.30335 49.22797 -52.39486 .61111
6 -123.30350 49.22903 -51.26162 .62500
6 -123.30343 49.23036 -50.15081 .63889
6 -123.30325 49.23179 -49.61781 .65278
6 -123.30307 49.23320 -49.59154 .66667
6 -123.30296 49.23455 -50.08178 .68056
6 -123.30289 49.23592 -50.57152 .69444
6 -123.30290 49.23733 -51.06525 .70833
6 -123.30323 49.23881 -51.28236 .72222
6 -123.30366 49.24028 -51.21435 .73611
6 -123.30389 49.24162 -51.80949 .75000
6 -123.30399 49.24284 -52.70523 .76389
7 -123.30807 49.19026 -45.04105 .00000
7 -123.30820 49.19302 -43.61597 .01389
7 -123.30828 49.19571 -43.04728 .02778
7 -123.30814 49.19821 -42.55402 .04167
7 -123.30854 49.20170 -41.94732 .05556
7 -123.30857 49.20487 -40.74403 .06944
7 -123.30809 49.20796 -39.87277 .08333
7 -123.30749 49.21130 -39.72789 .09722
7 -123.30630 49.21400 -39.52590 .11111
7 -123.30448 49.21631 -39.62498 .12500
7 -123.30350 49.21913 -40.33307 .13889
7 -123.30258 49.22200 -40.56062 .15278
7 -123.30143 49.22490 -40.30770 .16667
7 -123.30049 49.22785 -40.06213 .18056
7 -123.29929 49.23067 -40.83454 .19444
7 -123.29798 49.23338 -42.47604 .20833
7 -123.29629 49.23603 -43.27729 .22222
7 -123.29510 49.23826 -42.96926 .23611
7 -123.29363 49.23998 -42.31200 .25000
7 -123.29212 49.24164 -41.59431 .26389
7 -123.29098 49.24313 -40.42749 .27778
7 -123.29046 49.24448 -38.95873 .29167
7 -123.29033 49.24636 -37.22791 .30556
7 -123.29062 49.24812 -36.01235 .31944
7 -123.28994 49.24926 -36.59785 .33333
7 -123.28841 49.24924 -37.43646 .34722
7 -123.28729 49.24912 -37.86928 .36111
7 -123.28730 49.24860 -36.11098 .37500
7 -123.28730 49.24808 -34.35268 .38889
7 -123.28737 49.24765 -31.89085 .40278
7 -123.28777 49.24715 -29.10562 .41667
7 -123.28825 49.24659 -26.44677 .43056
7 -123.28925 49.24656 -26.16254 .44444
7 -123.29039 49.24673 -26.32126 .45833
7 -123.29152 49.24690 -26.47997 .47222
7 -123.29275 49.24717 -26.62016 .48611
7 -123.29342 49.24777 -25.97446 .50000
7 -123.29395 49.24793 -25.29678 .51389
7 -123.29438 49.24804 -24.72178 .52778
7 -123.29471 49.24813 -24.24978 .54167
7 -123.29505 49.24822 -23.77778 .55556
7 -123.29544 49.24837 -22.74975 .56944
7 -123.29557 49.24842 -21.56678 .58333
7 -123.29568 49.24846 -20.42168 .59722
7 -123.29546 49.24833 -20.36262 .61111
7 -123.29575 49.24835 -20.81916 .62500
7 -123.29604 49.24838 -21.27539 .63889
7 -123.29599 49.24835 -21.99962 .65278
7 -123.29587 49.24826 -22.90126 .66667
7 -123.29621 49.24812 -23.65617 .68056
7 -123.29640 49.24787 -23.74129 .69444
7 -123.29640 49.24748 -23.31483 .70833
7 -123.29639 49.24709 -22.88837 .72222
8 -123.30807 49.19026 -59.00765 .00000
8 -123.30892 49.19270 -59.40087 .01389
8 -123.30947 49.19535 -59.61291 .02778
8 -123.30962 49.19796 -59.09710 .04167
8 -123.30976 49.20044 -58.57208 .05556
8 -123.30939 49.20233 -57.89791 .06944
8 -123.30871 49.20425 -56.94398 .08333
8 -123.30816 49.20611 -56.24425 .09722
8 -123.30812 49.20817 -56.08631 .11111
8 -123.30804 49.21029 -55.29585 .12500
8 -123.30812 49.21218 -53.95927 .13889
8 -123.30820 49.21394 -52.32625 .15278
8 -123.30836 49.21584 -51.61094 .16667
8 -123.30879 49.21760 -51.84119 .18056
8 -123.30908 49.21945 -52.49393 .19444
8 -123.30925 49.22133 -53.48466 .20833
8 -123.30944 49.22313 -54.32683 .22222
8 -123.30939 49.22492 -54.57598 .23611
8 -123.30919 49.22656 -53.55468 .25000
8 -123.30901 49.22806 -51.87708 .26389
8 -123.30857 49.22918 -50.96172 .27778
8 -123.30816 49.23065 -51.10528 .29167
8 -123.30754 49.23160 -51.95634 .30556
8 -123.30713 49.23221 -52.67291 .31944
8 -123.30674 49.23259 -53.21135 .33333
8 -123.30635 49.23298 -53.74979 .34722
8 -123.30617 49.23324 -53.67165 .36111
8 -123.30621 49.23336 -52.97692 .37500
8 -123.30625 49.23349 -52.28220 .38889
8 -123.30658 49.23366 -51.79071 .40278
8 -123.30721 49.23387 -51.50246 .41667
8 -123.30784 49.23407 -51.21422 .43056
8 -123.30839 49.23456 -50.44078 .44444
8 -123.30881 49.23537 -49.19682 .45833
8 -123.30922 49.23617 -47.88802 .47222
8 -123.30946 49.23703 -45.96203 .48611
8 -123.30961 49.23797 -43.97601 .50000
8 -123.30977 49.23892 -41.98999 .51389
8 -123.30977 49.23987 -40.99841 .52778
8 -123.30950 49.24070 -39.66371 .54167
8 -123.30963 49.24156 -38.72286 .55556
8 -123.31000 49.24246 -38.37359 .56944
8 -123.31038 49.24334 -38.13270 .58333
8 -123.31077 49.24423 -37.89182 .59722
8 -123.31121 49.24514 -37.85201 .61111
8 -123.31164 49.24609 -38.16043 .62500
8 -123.31202 49.24707 -38.58451 .63889
8 -123.31238 49.24789 -38.85105 .65278
8 -123.31274 49.24856 -38.96005 .66667
8 -123.31309 49.24922 -39.06905 .68056
9 -123.30807 49.19026 -77.00977 .00000
9 -123.30813 49.19084 -77.28629 .01389
9 -123.30835 49.19160 -77.04611 .02778
9 -123.30872 49.19253 -76.28924 .04167
9 -123.30910 49.19347 -75.53237 .05556
9 -123.30948 49.19475 -74.89179 .06944
9 -123.31013 49.19621 -74.73871 .08333
9 -123.31081 49.19766 -74.61663 .09722
9 -123.31161 49.19942 -74.95416 .11111
9 -123.31265 49.20127 -76.08218 .12500
9 -123.31369 49.20311 -77.21020 .13889
9 -123.31465 49.20491 -77.79792 .15278
9 -123.31549 49.20679 -77.84240 .16667
9 -123.31622 49.20840 -78.45246 .18056
9 -123.31684 49.20998 -79.63894 .19444
9 -123.31721 49.21160 -81.30918 .20833
9 -123.31766 49.21317 -82.89552 .22222
9 -123.31789 49.21446 -83.85965 .23611
9 -123.31776 49.21554 -84.32109 .25000
9 -123.31763 49.21662 -84.78253 .26389
9 -123.31725 49.21749 -84.43294 .27778
9 -123.31667 49.21811 -83.06128 .29167
9 -123.31617 49.21870 -81.46257 .30556
9 -123.31564 49.21914 -80.21632 .31944
9 -123.31508 49.21946 -79.32252 .33333
9 -123.31452 49.21977 -78.42873 .34722
9 -123.31396 49.21997 -78.18469 .36111
9 -123.31339 49.22004 -78.59042 .37500
9 -123.31272 49.22000 -79.38147 .38889
9 -123.31197 49.21995 -79.65047 .40278
9 -123.31120 49.21996 -79.15928 .41667
9 -123.31050 49.21993 -78.15675 .43056
9 -123.30977 49.21998 -77.02348 .44444
9 -123.30899 49.22011 -75.77819 .45833
9 -123.30821 49.22023 -74.53290 .47222
9 -123.30766 49.22050 -73.32195 .48611
9 -123.30733 49.22092 -72.14535 .50000
9 -123.30712 49.22151 -71.34929 .51389
9 -123.30704 49.22237 -71.07607 .52778
9 -123.30718 49.22338 -71.51296 .54167
9 -123.30732 49.22438 -71.94985 .55556
9 -123.30750 49.22551 -72.00268 .56944
9 -123.30775 49.22675 -71.66501 .58333
9 -123.30804 49.22796 -71.31280 .59722
9 -123.30847 49.22934 -71.68423 .61111
9 -123.30906 49.23090 -72.77929 .62500
9 -123.30947 49.23210 -73.14663 .63889
10 -123.30807 49.19026 -45.04105 .00000
10 -123.30774 49.19407 -43.50367 .01389
10 -123.30719 49.19763 -42.44520 .02778
10 -123.30724 49.20178 -40.76689 .04167
10 -123.30726 49.20558 -39.01825 .05556
10 -123.30757 49.20950 -38.26143 .06944
10 -123.30770 49.21300 -37.36873 .08333
10 -123.30753 49.21654 -37.10726 .09722
10 -123.30753 49.21967 -37.40417 .11111
10 -123.30735 49.22250 -38.77710 .12500
10 -123.30751 49.22517 -40.46763 .13889
10 -123.30758 49.22759 -40.82476 .15278
10 -123.30735 49.22974 -40.03478 .16667
10 -123.30674 49.23172 -39.58546 .18056
10 -123.30629 49.23333 -39.23059 .19444
10 -123.30583 49.23472 -39.17315 .20833
10 -123.30526 49.23612 -39.51568 .22222
10 -123.30469 49.23732 -39.85542 .23611
10 -123.30419 49.23827 -40.19554 .25000
10 -123.30368 49.23918 -40.71270 .26389
10 -123.30341 49.24002 -40.84900 .27778
10 -123.30338 49.24082 -40.98358 .29167
10 -123.30334 49.24162 -41.49516 .30556
10 -123.30340 49.24246 -40.65433 .31944
10 -123.30368 49.24328 -38.46828 .33333
10 -123.30455 49.24386 -36.42591 .34722
10 -123.30529 49.24459 -34.96580 .36111
10 -123.30591 49.24545 -34.08792 .37500
10 -123.30653 49.24631 -33.21005 .38889
10 -123.30713 49.24729 -32.41278 .40278
10 -123.30768 49.24837 -31.51845 .41667
10 -123.30817 49.24953 -30.61567 .43056
10 -123.30870 49.25079 -29.89457 .44444
10 -123.30927 49.25212 -29.43251 .45833
10 -123.30976 49.25348 -29.06718 .47222
10 -123.31032 49.25487 -28.80569 .48611
10 -123.31090 49.25632 -28.69893 .50000
10 -123.31128 49.25787 -28.73125 .51389
10 -123.31165 49.25933 -29.36169 .52778
10 -123.31193 49.26061 -30.79187 .54167
10 -123.31226 49.26171 -31.00861 .55556
10 -123.31239 49.26261 -30.52317 .56944
10 -123.31230 49.26332 -29.49335 .58333
10 -123.31222 49.26404 -28.46353 .59722
11 -123.30807 49.19026 -59.00765 .00000
11 -123.30775 49.19395 -58.89330 .01389
11 -123.30739 49.19734 -59.38931 .02778
11 -123.30638 49.20030 -59.25742 .04167
11 -123.30537 49.20304 -59.09322 .05556
11 -123.30482 49.20642 -59.58913 .06944
11 -123.30425 49.20945 -59.30286 .08333
11 -123.30362 49.21251 -61.25437 .09722
11 -123.30305 49.21542 -62.32545 .11111
11 -123.30178 49.21835 -63.20646 .12500
11 -123.30107 49.22101 -63.69716 .13889
11 -123.30004 49.22333 -65.27477 .15278
11 -123.29948 49.22521 -67.69422 .16667
11 -123.29980 49.22607 -70.22548 .18056
11 -123.29973 49.22696 -72.01958 .19444
11 -123.29921 49.22779 -73.11284 .20833
11 -123.29836 49.22815 -74.41327 .22222
11 -123.29760 49.22841 -74.81992 .23611
11 -123.29693 49.22859 -74.33280 .25000
11 -123.29627 49.22877 -73.84568 .26389
11 -123.29578 49.22889 -71.42910 .27778
11 -123.29547 49.22895 -67.08307 .29167
11 -123.29596 49.22994 -62.62910 .30556
11 -123.29611 49.23119 -60.33490 .31944
11 -123.29521 49.23205 -58.51936 .33333
11 -123.29398 49.23250 -55.39891 .34722
11 -123.29299 49.23293 -53.96336 .36111
11 -123.29225 49.23334 -54.21269 .37500
11 -123.29151 49.23375 -54.46203 .38889
11 -123.29076 49.23405 -53.20130 .40278
11 -123.29038 49.23414 -50.07380 .41667
11 -123.29083 49.23413 -47.56332 .43056
11 -123.29127 49.23413 -46.04631 .44444
11 -123.29159 49.23406 -45.51159 .45833
11 -123.29191 49.23399 -44.97688 .47222
11 -123.29215 49.23405 -44.63089 .48611
11 -123.29232 49.23423 -44.47364 .50000
11 -123.29249 49.23440 -44.31638 .51389
11 -123.29268 49.23462 -44.20827 .52778
11 -123.29288 49.23486 -44.14930 .54167
11 -123.29309 49.23511 -44.09034 .55556
12 -123.30807 49.19026 -77.00977 .00000
12 -123.30906 49.19260 -77.03884 .01389
12 -123.31016 49.19517 -76.68495 .02778
12 -123.31133 49.19782 -76.60035 .04167
12 -123.31247 49.20031 -76.50736 .05556
12 -123.31332 49.20265 -76.65808 .06944
12 -123.31389 49.20491 -76.84524 .08333
12 -123.31416 49.20672 -77.86959 .09722
12 -123.31418 49.20845 -78.93401 .11111
12 -123.31405 49.20997 -79.68677 .12500
12 -123.31392 49.21147 -80.41139 .13889
12 -123.31344 49.21272 -80.93891 .15278
12 -123.31244 49.21367 -80.47595 .16667
12 -123.31145 49.21461 -80.01299 .18056
12 -123.31057 49.21534 -79.09079 .19444
12 -123.30971 49.21590 -77.99145 .20833
12 -123.30845 49.21604 -76.37970 .22222
12 -123.30713 49.21599 -75.18980 .23611
12 -123.30576 49.21580 -74.27824 .25000
12 -123.30438 49.21561 -73.36668 .26389
12 -123.30320 49.21537 -72.60734 .27778
12 -123.30222 49.21508 -72.00024 .29167
12 -123.30152 49.21512 -71.21743 .30556
12 -123.30096 49.21534 -70.30895 .31944
12 -123.30050 49.21568 -69.30669 .33333
12 -123.30005 49.21603 -68.30444 .34722
12 -123.29976 49.21653 -67.93301 .36111
12 -123.29965 49.21718 -68.19240 .37500
12 -123.29954 49.21782 -68.45179 .38889
12 -123.29963 49.21862 -68.17987 .40278
12 -123.29949 49.21977 -68.42068 .41667
12 -123.29840 49.22013 -67.26643 .43056
12 -123.29820 49.22085 -65.93174 .44444
12 -123.29821 49.22167 -64.74271 .45833
12 -123.29822 49.22248 -63.55368 .47222
12 -123.29842 49.22339 -63.06930 .48611
12 -123.29883 49.22440 -63.28956 .50000
12 -123.29908 49.22560 -62.97372 .51389
13 -123.30807 49.19026 -45.04105 .00000
13 -123.30736 49.19275 -46.38837 .01389
13 -123.30642 49.19448 -48.31528 .02778
13 -123.30549 49.19567 -50.28219 .04167
13 -123.30533 49.19764 -50.51989 .05556
13 -123.30503 49.19916 -51.18063 .06944
13 -123.30429 49.20056 -52.14610 .08333
13 -123.30382 49.20232 -52.86265 .09722
13 -123.30421 49.20386 -53.31940 .11111
13 -123.30455 49.20496 -53.50530 .12500
13 -123.30489 49.20606 -53.69120 .13889
13 -123.30531 49.20692 -53.86706 .15278
13 -123.30580 49.20753 -54.10459 .16667
13 -123.30628 49.20813 -54.34212 .18056
13 -123.30680 49.20872 -54.35457 .19444
13 -123.30735 49.20930 -54.14195 .20833
13 -123.30790 49.20988 -53.92933 .22222
13 -123.30834 49.21047 -53.47858 .23611
13 -123.30878 49.21098 -52.62651 .25000
13 -123.30927 49.21143 -51.68991 .26389
13 -123.30954 49.21198 -50.98998 .27778
13 -123.30993 49.21268 -50.53248 .29167
13 -123.31033 49.21338 -50.07533 .30556
13 -123.31051 49.21432 -49.49161 .31944
13 -123.31051 49.21544 -48.77900 .33333
13 -123.31064 49.21645 -48.06211 .34722
13 -123.31053 49.21754 -46.99593 .36111
13 -123.31017 49.21864 -45.50125 .37500
13 -123.30980 49.21975 -44.00658 .38889
13 -123.30959 49.22085 -43.22895 .40278
13 -123.30963 49.22189 -43.26117 .41667
13 -123.30967 49.22293 -43.29340 .43056
13 -123.30975 49.22401 -43.98957 .44444
13 -123.31004 49.22533 -45.32951 .45833
13 -123.31050 49.22661 -46.61202 .47222
14 -123.30807 49.19026 -59.00765 .00000
14 -123.30872 49.19225 -59.92585 .01389
14 -123.30893 49.19371 -60.61089 .02778
14 -123.30869 49.19463 -61.06277 .04167
14 -123.30851 49.19547 -61.47888 .05556
14 -123.30844 49.19587 -61.34749 .06944
14 -123.30838 49.19599 -60.73533 .08333
14 -123.30832 49.19610 -60.12317 .09722
14 -123.30850 49.19613 -59.52826 .11111
14 -123.30893 49.19610 -58.95061 .12500
14 -123.30936 49.19606 -58.37295 .13889
14 -123.30985 49.19612 -57.98607 .15278
14 -123.31039 49.19627 -57.78997 .16667
14 -123.31094 49.19642 -57.59386 .18056
14 -123.31140 49.19670 -57.32227 .19444
14 -123.31179 49.19711 -56.97520 .20833
14 -123.31218 49.19753 -56.62812 .22222
14 -123.31236 49.19808 -56.34413 .23611
14 -123.31233 49.19877 -56.12323 .25000
14 -123.31247 49.19939 -55.85228 .26389
14 -123.31242 49.20006 -54.62968 .27778
14 -123.31212 49.20081 -52.47794 .29167
14 -123.31184 49.20143 -50.37054 .30556
14 -123.31171 49.20201 -49.03284 .31944
14 -123.31168 49.20287 -47.80253 .33333
14 -123.31165 49.20377 -45.93549 .34722
14 -123.31164 49.20481 -45.28342 .36111
14 -123.31161 49.20594 -45.75088 .37500
14 -123.31159 49.20708 -46.21833 .38889
14 -123.31163 49.20834 -46.99446 .40278
14 -123.31179 49.20968 -48.10480 .41667
14 -123.31209 49.21087 -49.33538 .43056
15 -123.30807 49.19026 -77.00977 .00000
15 -123.30852 49.19282 -78.37908 .01389
15 -123.30893 49.19513 -79.50350 .02778
15 -123.30882 49.19712 -79.50605 .04167
15 -123.30868 49.19908 -79.47962 .05556
15 -123.30818 49.20044 -79.37267 .06944
15 -123.30721 49.20169 -80.60080 .08333
15 -123.30622 49.20295 -81.89578 .09722
15 -123.30507 49.20369 -81.93832 .11111
15 -123.30383 49.20399 -80.79141 .12500
15 -123.30260 49.20429 -79.64451 .13889
15 -123.30161 49.20439 -78.95533 .15278
15 -123.30086 49.20430 -78.72389 .16667
15 -123.30012 49.20420 -78.49245 .18056
15 -123.29963 49.20424 -78.56495 .19444
15 -123.29926 49.20434 -77.36829 .20833
15 -123.29889 49.20445 -76.11949 .22222
15 -123.29851 49.20457 -74.86180 .23611
15 -123.29812 49.20471 -73.59521 .25000
15 -123.29774 49.20485 -72.32863 .26389
15 -123.29742 49.20499 -71.44568 .27778
15 -123.29714 49.20514 -70.94639 .29167
15 -123.29687 49.20529 -70.44709 .30556
15 -123.29664 49.20543 -69.86454 .31944
15 -123.29646 49.20556 -69.19872 .33333
15 -123.29628 49.20568 -68.53291 .34722
15 -123.29620 49.20579 -68.81556 .36111
15 -123.29623 49.20587 -70.04667 .37500
15 -123.29626 49.20595 -71.27779 .38889
16 -123.30807 49.19026 -45.04105 .00000
16 -123.30713 49.18944 -45.19448 .01389
16 -123.30649 49.18838 -44.78806 .02778
16 -123.30623 49.18724 -44.35200 .04167
16 -123.30598 49.18611 -43.91594 .05556
16 -123.30593 49.18473 -43.24041 .06944
16 -123.30598 49.18322 -42.54320 .08333
16 -123.30604 49.18171 -41.84599 .09722
16 -123.30584 49.18023 -41.42307 .11111
16 -123.30531 49.17887 -41.44748 .12500
16 -123.30486 49.17758 -41.91546 .13889
16 -123.30446 49.17644 -42.14631 .15278
16 -123.30408 49.17539 -42.12480 .16667
16 -123.30370 49.17432 -42.09772 .18056
16 -123.30353 49.17358 -42.75744 .19444
16 -123.30358 49.17317 -44.10394 .20833
16 -123.30362 49.17276 -45.45045 .22222
16 -123.30388 49.17282 -46.25801 .23611
16 -123.30435 49.17336 -46.52662 .25000
16 -123.30482 49.17391 -46.79523 .26389
16 -123.30545 49.17488 -47.10922 .27778
16 -123.30616 49.17626 -47.43318 .29167
16 -123.30679 49.17761 -47.71672 .30556
16 -123.30749 49.17923 -47.39990 .31944
16 -123.30837 49.18110 -46.54185 .33333
16 -123.30931 49.18295 -45.72975 .34722
17 -123.30807 49.19026 -59.00765 .00000
17 -123.30767 49.18959 -58.27293 .01389
17 -123.30729 49.18900 -57.73087 .02778
17 -123.30693 49.18848 -57.38145 .04167
17 -123.30657 49.18796 -57.03204 .05556
17 -123.30604 49.18749 -56.46119 .06944
17 -123.30533 49.18706 -55.66870 .08333
17 -123.30522 49.18735 -54.85014 .09722
17 -123.30507 49.18770 -53.66269 .11111
17 -123.30487 49.18811 -52.10637 .12500
17 -123.30465 49.18827 -50.57755 .13889
17 -123.30430 49.18801 -49.45302 .15278
17 -123.30390 49.18806 -48.65668 .16667
17 -123.30349 49.18810 -47.86035 .18056
17 -123.30317 49.18850 -47.56891 .19444
17 -123.30295 49.18927 -47.78237 .20833
17 -123.30273 49.19003 -47.99583 .22222
17 -123.30263 49.19111 -48.39234 .23611
17 -123.30274 49.19249 -49.04236 .25000
17 -123.30322 49.19377 -49.61266 .26389
17 -123.30371 49.19524 -49.97833 .27778
17 -123.30420 49.19689 -50.14165 .29167
17 -123.30475 49.19855 -50.34788 .30556
18 -123.30807 49.19026 -77.00977 .00000
18 -123.30716 49.19110 -77.97817 .01389
18 -123.30620 49.19177 -77.81300 .02778
18 -123.30518 49.19224 -76.51427 .04167
18 -123.30416 49.19271 -75.21554 .05556
18 -123.30328 49.19310 -74.15755 .06944
18 -123.30255 49.19338 -73.48537 .08333
18 -123.30182 49.19366 -72.81319 .09722
18 -123.30134 49.19400 -73.05763 .11111
18 -123.30111 49.19439 -74.21870 .12500
18 -123.30088 49.19479 -75.37976 .13889
18 -123.30080 49.19531 -76.03959 .15278
18 -123.30089 49.19595 -76.19819 .16667
18 -123.30097 49.19659 -76.35679 .18056
18 -123.30125 49.19728 -76.70905 .19444
18 -123.30156 49.19813 -76.77579 .20833
18 -123.30124 49.19874 -76.04920 .22222
18 -123.30095 49.19896 -75.75573 .23611
18 -123.30091 49.19908 -75.83154 .25000
18 -123.30087 49.19921 -75.90735 .26389
19 -123.30807 49.19026 -45.04105 .00000
19 -123.30807 49.18927 -45.24167 .01389
19 -123.30797 49.18845 -45.76421 .02778
19 -123.30777 49.18780 -46.60866 .04167
19 -123.30756 49.18715 -47.45311 .05556
19 -123.30724 49.18675 -47.58728 .06944
19 -123.30680 49.18660 -47.01117 .08333
19 -123.30636 49.18644 -46.43507 .09722
19 -123.30607 49.18665 -46.26068 .11111
19 -123.30594 49.18724 -46.48802 .12500
19 -123.30583 49.18786 -46.71731 .13889
19 -123.30591 49.18888 -47.13256 .15278
19 -123.30611 49.19023 -47.72881 .16667
19 -123.30633 49.19153 -48.78573 .18056
19 -123.30652 49.19288 -49.97285 .19444
19 -123.30665 49.19431 -50.78522 .20833
19 -123.30714 49.19608 -51.54534 .22222
20 -123.30807 49.19026 -59.00765 .00000
20 -123.30821 49.19084 -58.30392 .01389
20 -123.30825 49.19166 -57.45982 .02778
20 -123.30821 49.19273 -56.47535 .04167
20 -123.30816 49.19380 -55.49088 .05556
20 -123.30811 49.19509 -54.69853 .06944
20 -123.30796 49.19655 -54.02370 .08333
20 -123.30778 49.19802 -53.27796 .09722
20 -123.30780 49.19965 -52.93839 .11111
20 -123.30825 49.20144 -53.80352 .12500
20 -123.30882 49.20321 -54.85613 .13889
20 -123.30941 49.20503 -55.76733 .15278
20 -123.30988 49.20672 -56.86545 .16667
20 -123.31034 49.20840 -57.99092 .18056
21 -123.30807 49.19026 -77.00977 .00000
21 -123.30774 49.19109 -75.60729 .01389
21 -123.30742 49.19223 -73.99008 .02778
21 -123.30712 49.19369 -72.15816 .04167
21 -123.30683 49.19515 -70.32624 .05556
21 -123.30667 49.19669 -69.63931 .06944
21 -123.30651 49.19802 -69.03411 .08333
21 -123.30634 49.19935 -68.42891 .09722
21 -123.30651 49.20058 -67.75465 .11111
21 -123.30702 49.20189 -67.77211 .12500
21 -123.30755 49.20329 -68.27160 .13889
22 -123.30807 49.19026 -45.04105 .00000
22 -123.30807 49.19083 -44.73261 .01389
22 -123.30815 49.19173 -45.27325 .02778
22 -123.30832 49.19295 -46.66298 .04167
22 -123.30850 49.19416 -48.05272 .05556
22 -123.30863 49.19543 -49.00786 .06944
22 -123.30889 49.19673 -49.26613 .08333
22 -123.30915 49.19803 -49.52441 .09722
23 -123.30807 49.19026 -59.00765 .00000
23 -123.30878 49.19192 -59.65494 .01389
23 -123.30950 49.19366 -60.15536 .02778
23 -123.31018 49.19546 -60.54716 .04167
23 -123.31080 49.19722 -60.99245 .05556
24 -123.30807 49.19026 -77.00977 .00000
24 -123.30812 49.19124 -76.01439 .01389
