1 -123.30807 49.19026 -45.04105 .00000
1 -123.30826 49.18938 -46.34881 .08333
1 -123.30849 49.18844 -46.88137 .16667
1 -123.30877 49.18744 -46.63874 .25000
1 -123.30905 49.18645 -46.39610 .33333
1 -123.30952 49.18536 -46.00985 .41667
1 -123.31018 49.18419 -45.59748 .50000
1 -123.31082 49.18306 -45.48824 .58333
1 -123.31165 49.18204 -45.45283 .66667
1 -123.31269 49.18112 -45.49126 .75000
1 -123.31380 49.18021 -45.42940 .83333
2 -123.30807 49.19026 -59.00765 .00000
2 -123.30855 49.18871 -58.85253 .08333
2 -123.30910 49.18712 -58.16333 .16667
2 -123.30972 49.18549 -56.94007 .25000
2 -123.31035 49.18388 -56.24844 .33333
2 -123.31112 49.18234 -56.16226 .41667
2 -123.31206 49.18084 -56.05252 .50000
2 -123.31305 49.17933 -55.82112 .58333
3 -123.30807 49.19026 -77.00977 .00000
3 -123.30800 49.18866 -75.73339 .08333
3 -123.30802 49.18707 -74.72611 .16667
3 -123.30813 49.18550 -73.98790 .25000
3 -123.30818 49.18403 -73.34918 .33333
4 -123.30807 49.19026 -45.04105 .00000
4 -123.30853 49.18914 -44.89102 .08333
5 -123.30807 49.19026 -59.00765 .00000
5 -123.30868 49.18907 -59.84925 .08333
5 -123.30926 49.18771 -60.19753 .16667
5 -123.30981 49.18618 -60.05251 .25000
5 -123.31036 49.18464 -59.76944 .33333
5 -123.31096 49.18307 -59.24840 .41667
5 -123.31170 49.18150 -59.13975 .50000
5 -123.31245 49.17993 -59.03111 .58333
5 -123.31341 49.17836 -58.66754 .66667
5 -123.31450 49.17684 -58.28113 .75000
5 -123.31559 49.17533 -58.00369 .83333
6 -123.30807 49.19026 -77.00977 .00000
6 -123.30800 49.18881 -77.25195 .08333
6 -123.30798 49.18732 -76.73624 .16667
6 -123.30800 49.18580 -75.46264 .25000
6 -123.30796 49.18439 -74.54808 .33333
6 -123.30801 49.18305 -73.93094 .41667
6 -123.30821 49.18161 -73.14701 .50000
6 -123.30840 49.18007 -72.16464 .58333
7 -123.30807 49.19026 -45.04105 .00000
7 -123.30828 49.18919 -44.62756 .08333
7 -123.30875 49.18812 -44.34984 .16667
7 -123.30949 49.18704 -44.20788 .25000
7 -123.31022 49.18596 -44.06593 .33333
8 -123.30807 49.19026 -59.00765 .00000
8 -123.30874 49.18861 -58.66303 .08333
9 -123.30807 49.19026 -77.00977 .00000
9 -123.30817 49.18937 -77.71041 .08333
9 -123.30825 49.18824 -78.20245 .16667
9 -123.30831 49.18687 -78.48588 .25000
9 -123.30837 49.18550 -78.76932 .33333
9 -123.30838 49.18420 -78.59554 .41667
9 -123.30840 49.18291 -78.11148 .50000
9 -123.30838 49.18143 -77.30688 .58333
9 -123.30849 49.17988 -76.24627 .66667
9 -123.30852 49.17858 -75.19422 .75000
9 -123.30855 49.17730 -74.15106 .83333
10 -123.30807 49.19026 -45.04105 .00000
10 -123.30820 49.18922 -44.78990 .08333
10 -123.30849 49.18813 -44.48682 .16667
10 -123.30895 49.18701 -44.13181 .25000
10 -123.30941 49.18588 -43.77680 .33333
10 -123.31011 49.18480 -43.53192 .41667
10 -123.31105 49.18378 -43.51764 .50000
10 -123.31193 49.18281 -43.53326 .58333
11 -123.30807 49.19026 -59.00765 .00000
11 -123.30855 49.18865 -57.76582 .08333
11 -123.30915 49.18701 -56.98816 .16667
11 -123.30989 49.18536 -56.67465 .25000
11 -123.31070 49.18380 -56.54548 .33333
12 -123.30807 49.19026 -77.00977 .00000
12 -123.30813 49.18871 -76.20297 .08333
13 -123.30807 49.19026 -45.04105 .00000
13 -123.30826 49.18938 -46.34881 .08333
13 -123.30849 49.18844 -46.88137 .16667
13 -123.30877 49.18744 -46.63874 .25000
13 -123.30905 49.18645 -46.39610 .33333
13 -123.30952 49.18536 -46.00985 .41667
13 -123.31018 49.18419 -45.59748 .50000
13 -123.31082 49.18306 -45.48824 .58333
13 -123.31165 49.18204 -45.45283 .66667
13 -123.31269 49.18112 -45.49126 .75000
13 -123.31380 49.18021 -45.42940 .83333
14 -123.30807 49.19026 -59.00765 .00000
14 -123.30855 49.18871 -58.85253 .08333
14 -123.30910 49.18712 -58.16333 .16667
14 -123.30972 49.18549 -56.94007 .25000
14 -123.31035 49.18388 -56.24844 .33333
14 -123.31112 49.18234 -56.16226 .41667
14 -123.31206 49.18084 -56.05252 .50000
14 -123.31305 49.17933 -55.82112 .58333
15 -123.30807 49.19026 -77.00977 .00000
15 -123.30800 49.18866 -75.73339 .08333
15 -123.30802 49.18707 -74.72611 .16667
15 -123.30813 49.18550 -73.98790 .25000
15 -123.30818 49.18403 -73.34918 .33333
16 -123.30807 49.19026 -45.04105 .00000
16 -123.30853 49.18914 -44.89102 .08333
17 -123.30807 49.19026 -59.00765 .00000
17 -123.30868 49.18907 -59.84925 .08333
17 -123.30926 49.18771 -60.19753 .16667
17 -123.30981 49.18618 -60.05251 .25000
17 -123.31036 49.18464 -59.76944 .33333
17 -123.31096 49.18307 -59.24840 .41667
17 -123.31170 49.18150 -59.13975 .50000
17 -123.31245 49.17993 -59.03111 .58333
17 -123.31341 49.17836 -58.66754 .66667
17 -123.31450 49.17684 -58.28113 .75000
17 -123.31559 49.17533 -58.00369 .83333
18 -123.30807 49.19026 -77.00977 .00000
18 -123.30800 49.18881 -77.25195 .08333
18 -123.30798 49.18732 -76.73624 .16667
18 -123.30800 49.18580 -75.46264 .25000
18 -123.30796 49.18439 -74.54808 .33333
18 -123.30801 49.18305 -73.93094 .41667
18 -123.30821 49.18161 -73.14701 .50000
18 -123.30840 49.18007 -72.16464 .58333
19 -123.30807 49.19026 -45.04105 .00000
19 -123.30828 49.18919 -44.62756 .08333
19 -123.30875 49.18812 -44.34984 .16667
19 -123.30949 49.18704 -44.20788 .25000
19 -123.31022 49.18596 -44.06593 .33333
20 -123.30807 49.19026 -59.00765 .00000
20 -123.30874 49.18861 -58.66303 .08333
21 -123.30807 49.19026 -77.00977 .00000
21 -123.30817 49.18937 -77.71041 .08333
21 -123.30825 49.18824 -78.20245 .16667
21 -123.30831 49.18687 -78.48588 .25000
21 -123.30837 49.18550 -78.76932 .33333
21 -123.30838 49.18420 -78.59554 .41667
21 -123.30840 49.18291 -78.11148 .50000
21 -123.30838 49.18143 -77.30688 .58333
21 -123.30849 49.17988 -76.24627 .66667
21 -123.30852 49.17858 -75.19422 .75000
21 -123.30855 49.17730 -74.15106 .83333
22 -123.30807 49.19026 -45.04105 .00000
22 -123.30820 49.18922 -44.78990 .08333
22 -123.30849 49.18813 -44.48682 .16667
22 -123.30895 49.18701 -44.13181 .25000
22 -123.30941 49.18588 -43.77680 .33333
22 -123.31011 49.18480 -43.53192 .41667
22 -123.31105 49.18378 -43.51764 .50000
22 -123.31193 49.18281 -43.53326 .58333
23 -123.30807 49.19026 -59.00765 .00000
23 -123.30855 49.18865 -57.76582 .08333
23 -123.30915 49.18701 -56.98816 .16667
23 -123.30989 49.18536 -56.67465 .25000
23 -123.31070 49.18380 -56.54548 .33333
24 -123.30807 49.19026 -77.00977 .00000
24 -123.30813 49.18871 -76.20297 .08333
