1 -123.30807 49.19026 -45.04105 .00000
1 -123.30826 49.18938 -46.37781 .01389
1 -123.30849 49.18844 -46.91539 .02778
1 -123.30877 49.18744 -46.65380 .04167
1 -123.30905 49.18645 -46.39220 .05556
1 -123.30952 49.18536 -45.97979 .06944
1 -123.31018 49.18419 -45.53117 .08333
1 -123.31082 49.18306 -45.37946 .09722
1 -123.31165 49.18204 -45.30089 .11111
1 -123.31269 49.18112 -45.29546 .12500
1 -123.31380 49.18021 -45.19088 .13889
1 -123.31510 49.17951 -45.43416 .15278
1 -123.31645 49.17898 -46.20219 .16667
1 -123.31781 49.17845 -46.97023 .18056
1 -123.31908 49.17804 -46.97779 .19444
1 -123.32027 49.17776 -46.21424 .20833
1 -123.32145 49.17748 -45.45068 .22222
1 -123.32274 49.17743 -45.29495 .23611
1 -123.32415 49.17761 -45.74703 .25000
1 -123.32560 49.17782 -45.77887 .26389
1 -123.32676 49.17838 -46.20572 .27778
1 -123.32859 49.17881 -47.58957 .29167
1 -123.33041 49.17924 -48.97343 .30556
1 -123.33153 49.17990 -50.04600 .31944
1 -123.33194 49.18079 -50.80729 .33333
1 -123.33316 49.18071 -51.58071 .34722
1 -123.33425 49.18042 -50.56337 .36111
1 -123.33380 49.18066 -48.10602 .37500
1 -123.33344 49.18103 -46.76096 .38889
1 -123.33368 49.18089 -45.93567 .40278
1 -123.33372 49.18050 -46.02539 .41667
1 -123.33366 49.17993 -46.26786 .43056
1 -123.33368 49.17898 -46.24970 .44444
1 -123.33381 49.17765 -45.96413 .45833
1 -123.33393 49.17631 -45.67855 .47222
1 -123.33422 49.17472 -45.14927 .48611
1 -123.33465 49.17284 -44.44579 .50000
1 -123.33501 49.17086 -43.85463 .51389
1 -123.33582 49.16874 -43.08887 .52778
1 -123.33699 49.16655 -41.82937 .54167
1 -123.33815 49.16436 -40.38806 .55556
1 -123.33980 49.16196 -39.17745 .56944
1 -123.34123 49.16038 -38.50619 .58333
1 -123.34263 49.15889 -37.85137 .59722
1 -123.34425 49.15728 -37.88986 .61111
1 -123.34589 49.15552 -38.09263 .62500
1 -123.34739 49.15379 -37.75441 .63889
1 -123.34897 49.15201 -37.39278 .65278
1 -123.35061 49.15030 -37.42752 .66667
1 -123.35223 49.14866 -37.72017 .68056
1 -123.35363 49.14720 -37.40033 .69444
1 -123.35510 49.14592 -36.22312 .70833
1 -123.35658 49.14463 -35.04590 .72222
1 -123.35831 49.14360 -34.86583 .73611
1 -123.36030 49.14285 -35.43771 .75000
1 -123.36228 49.14211 -36.02010 .76389
1 -123.36432 49.14193 -37.16938 .77778
1 -123.36633 49.14217 -38.64395 .79167
1 -123.36937 49.14213 -40.06611 .80556
1 -123.37287 49.14250 -40.42620 .81944
1 -123.37621 49.14315 -40.03889 .83333
1 -123.37916 49.14334 -39.23571 .84722
1 -123.38053 49.14341 -38.24345 .86111
1 -123.38187 49.14352 -37.58028 .87500
1 -123.38322 49.14362 -36.91711 .88889
1 -123.38460 49.14370 -36.80049 .90278
1 -123.38605 49.14375 -37.20010 .91667
1 -123.38750 49.14381 -37.59971 .93056
1 -123.38952 49.14380 -38.33562 .94444
1 -123.39239 49.14411 -39.86288 .95833
1 -123.39573 49.14492 -41.25375 .97222
2 -123.30807 49.19026 -59.00765 .00000
2 -123.30855 49.18871 -58.83742 .01389
2 -123.30910 49.18712 -58.12407 .02778
2 -123.30972 49.18549 -56.86762 .04167
2 -123.31035 49.18388 -56.14211 .05556
2 -123.31112 49.18234 -56.02483 .06944
2 -123.31206 49.18084 -55.88513 .08333
2 -123.31305 49.17933 -55.62400 .09722
2 -123.31418 49.17790 -55.84304 .11111
2 -123.31534 49.17660 -56.09474 .12500
2 -123.31656 49.17531 -56.41856 .13889
2 -123.31785 49.17421 -57.07404 .15278
2 -123.31912 49.17330 -57.68408 .16667
2 -123.32041 49.17239 -58.11836 .18056
2 -123.32182 49.17155 -58.22426 .19444
2 -123.32327 49.17075 -58.74827 .20833
2 -123.32472 49.16995 -59.27228 .22222
2 -123.32645 49.16944 -59.65473 .23611
2 -123.32834 49.16915 -59.94175 .25000
2 -123.33024 49.16886 -60.22876 .26389
2 -123.33210 49.16895 -60.22341 .27778
2 -123.33375 49.16917 -60.41775 .29167
2 -123.33540 49.16939 -60.61209 .30556
2 -123.33672 49.16959 -60.64145 .31944
2 -123.33856 49.16951 -61.07941 .33333
2 -123.34041 49.16950 -61.33674 .34722
2 -123.34195 49.16930 -61.19528 .36111
2 -123.34320 49.16889 -60.65505 .37500
2 -123.34441 49.16845 -60.22860 .38889
2 -123.34541 49.16760 -59.34255 .40278
2 -123.34627 49.16644 -57.78405 .41667
2 -123.34697 49.16532 -56.44083 .43056
2 -123.34758 49.16401 -55.63334 .44444
2 -123.34822 49.16244 -55.14596 .45833
2 -123.34887 49.16087 -54.65858 .47222
2 -123.34962 49.15906 -54.31266 .48611
2 -123.35044 49.15679 -54.31532 .50000
2 -123.35126 49.15451 -54.31797 .51389
2 -123.35209 49.15193 -53.81907 .52778
2 -123.35295 49.14910 -53.42900 .54167
2 -123.35369 49.14622 -53.07541 .55556
2 -123.35453 49.14323 -52.96099 .56944
2 -123.35567 49.14019 -52.48103 .58333
2 -123.35692 49.13718 -51.83000 .59722
2 -123.35850 49.13424 -51.63641 .61111
2 -123.36017 49.13134 -51.38219 .62500
2 -123.36215 49.12845 -52.13358 .63889
2 -123.36469 49.12593 -52.42382 .65278
2 -123.36748 49.12387 -52.55100 .66667
2 -123.37092 49.12282 -51.26114 .68056
2 -123.37258 49.12227 -50.94816 .69444
2 -123.37367 49.12214 -49.76722 .70833
2 -123.37476 49.12201 -48.58629 .72222
2 -123.37611 49.12228 -48.28898 .73611
2 -123.37770 49.12295 -48.87531 .75000
2 -123.37931 49.12360 -49.63592 .76389
2 -123.38090 49.12435 -50.10717 .77778
2 -123.38258 49.12536 -50.03951 .79167
2 -123.38429 49.12640 -49.99631 .80556
2 -123.38577 49.12725 -50.02333 .81944
2 -123.38692 49.12792 -50.19398 .83333
2 -123.38808 49.12859 -50.36462 .84722
2 -123.38936 49.12898 -50.70777 .86111
2 -123.39138 49.12954 -50.82349 .87500
2 -123.39311 49.12957 -50.54297 .88889
2 -123.39539 49.12963 -51.05789 .90278
2 -123.39849 49.13042 -51.71943 .91667
2 -123.40152 49.13112 -52.04485 .93056
3 -123.30807 49.19026 -77.00977 .00000
3 -123.30800 49.18866 -75.70547 .01389
3 -123.30802 49.18707 -74.67241 .02778
3 -123.30813 49.18550 -73.91059 .04167
3 -123.30818 49.18403 -73.24860 .05556
3 -123.30841 49.18268 -72.84651 .06944
3 -123.30885 49.18124 -73.25563 .08333
3 -123.30928 49.17981 -73.66474 .09722
3 -123.30964 49.17862 -74.30048 .11111
3 -123.31011 49.17761 -75.58738 .12500
3 -123.31064 49.17660 -77.09101 .13889
3 -123.31126 49.17569 -77.77603 .15278
3 -123.31190 49.17487 -77.36600 .16667
3 -123.31253 49.17405 -76.95597 .18056
3 -123.31330 49.17330 -77.19642 .19444
3 -123.31427 49.17265 -78.26577 .20833
3 -123.31508 49.17213 -79.82929 .22222
3 -123.31578 49.17176 -80.67416 .23611
3 -123.31646 49.17148 -80.65674 .25000
3 -123.31713 49.17121 -80.63933 .26389
3 -123.31786 49.17088 -80.59244 .27778
3 -123.31864 49.17047 -80.51279 .29167
3 -123.31944 49.17001 -80.42292 .30556
3 -123.32024 49.16949 -80.65720 .31944
3 -123.32104 49.16892 -81.21562 .33333
3 -123.32183 49.16834 -81.77404 .34722
3 -123.32264 49.16766 -81.84336 .36111
3 -123.32345 49.16674 -81.05817 .37500
3 -123.32425 49.16582 -80.24217 .38889
3 -123.32507 49.16462 -80.04172 .40278
3 -123.32586 49.16312 -80.38558 .41667
3 -123.32586 49.16163 -79.87778 .43056
3 -123.32602 49.15982 -79.17039 .44444
3 -123.32630 49.15774 -78.16264 .45833
3 -123.32595 49.15587 -76.18868 .47222
3 -123.32570 49.15344 -74.67124 .48611
3 -123.32525 49.15059 -72.64738 .50000
3 -123.32474 49.14772 -70.53751 .51389
3 -123.32445 49.14447 -68.70165 .52778
3 -123.32454 49.14124 -65.89086 .54167
3 -123.32523 49.13865 -62.71646 .55556
3 -123.32604 49.13598 -61.82367 .56944
3 -123.32681 49.13324 -62.39744 .58333
3 -123.32828 49.13048 -63.03802 .59722
3 -123.33036 49.12765 -63.77628 .61111
3 -123.33241 49.12492 -65.01693 .62500
3 -123.33431 49.12235 -66.55032 .63889
3 -123.33635 49.12001 -67.84175 .65278
3 -123.33848 49.11848 -66.25142 .66667
3 -123.34056 49.11725 -64.56596 .68056
3 -123.34281 49.11639 -62.42132 .69444
3 -123.34516 49.11589 -60.59080 .70833
3 -123.34763 49.11531 -59.46528 .72222
3 -123.35033 49.11496 -59.76027 .73611
3 -123.35319 49.11496 -60.85357 .75000
3 -123.35633 49.11519 -62.33219 .76389
3 -123.35928 49.11559 -64.11820 .77778
3 -123.36221 49.11637 -67.02596 .79167
3 -123.36584 49.11738 -70.35344 .80556
3 -123.36935 49.11835 -73.29818 .81944
3 -123.37282 49.11947 -75.57129 .83333
3 -123.37638 49.12061 -77.78309 .84722
3 -123.37981 49.12163 -78.92686 .86111
3 -123.38306 49.12253 -78.93791 .87500
3 -123.38636 49.12343 -78.80661 .88889
4 -123.30807 49.19026 -45.04105 .00000
4 -123.30853 49.18914 -44.85320 .01389
4 -123.30920 49.18818 -44.91084 .02778
4 -123.31008 49.18739 -45.21396 .04167
4 -123.31095 49.18659 -45.51707 .05556
4 -123.31185 49.18599 -45.86029 .06944
4 -123.31277 49.18558 -46.24342 .08333
4 -123.31368 49.18517 -46.62655 .09722
4 -123.31459 49.18492 -47.07196 .11111
4 -123.31549 49.18484 -47.57965 .12500
4 -123.31638 49.18476 -48.08735 .13889
4 -123.31732 49.18498 -48.19423 .15278
4 -123.31831 49.18549 -48.01797 .16667
4 -123.31930 49.18600 -47.84172 .18056
4 -123.32069 49.18650 -48.26298 .19444
4 -123.32207 49.18717 -49.04749 .20833
4 -123.32345 49.18785 -49.83200 .22222
4 -123.32429 49.18865 -50.29564 .23611
4 -123.32469 49.18952 -50.53147 .25000
4 -123.32567 49.18975 -51.24022 .26389
4 -123.32657 49.18922 -51.25560 .27778
4 -123.32703 49.18904 -50.59266 .29167
4 -123.32729 49.18920 -49.94302 .30556
4 -123.32744 49.18910 -49.26048 .31944
4 -123.32741 49.18864 -48.26189 .33333
4 -123.32733 49.18818 -47.55246 .34722
4 -123.32724 49.18733 -47.09925 .36111
4 -123.32720 49.18610 -46.45964 .37500
4 -123.32716 49.18487 -45.82003 .38889
4 -123.32715 49.18332 -45.17667 .40278
4 -123.32726 49.18149 -45.02691 .41667
4 -123.32745 49.17969 -44.89201 .43056
4 -123.32776 49.17776 -44.29500 .44444
4 -123.32852 49.17561 -42.86880 .45833
4 -123.32921 49.17335 -41.72268 .47222
4 -123.32983 49.17087 -40.68845 .48611
4 -123.33044 49.16823 -39.60370 .50000
4 -123.33115 49.16611 -38.57293 .51389
4 -123.33188 49.16434 -37.13202 .52778
4 -123.33269 49.16222 -35.69436 .54167
4 -123.33361 49.16016 -34.33766 .55556
4 -123.33459 49.15831 -34.12647 .56944
4 -123.33590 49.15666 -35.35377 .58333
4 -123.33725 49.15502 -36.61967 .59722
4 -123.33841 49.15357 -37.42609 .61111
4 -123.33932 49.15239 -38.91188 .62500
4 -123.34110 49.15060 -40.50820 .63889
4 -123.34311 49.14912 -40.81882 .65278
4 -123.34517 49.14802 -40.27965 .66667
4 -123.34731 49.14700 -39.56662 .68056
4 -123.34889 49.14654 -38.76820 .69444
4 -123.34987 49.14651 -38.09359 .70833
4 -123.35084 49.14648 -37.41899 .72222
4 -123.35201 49.14631 -36.86157 .73611
4 -123.35352 49.14612 -36.70687 .75000
4 -123.35504 49.14594 -36.57935 .76389
4 -123.35681 49.14561 -37.96989 .77778
4 -123.35959 49.14523 -41.14556 .79167
4 -123.36286 49.14501 -44.47664 .80556
4 -123.36600 49.14503 -47.47452 .81944
4 -123.36910 49.14524 -50.38515 .83333
4 -123.37236 49.14508 -53.29158 .84722
5 -123.30807 49.19026 -59.00765 .00000
5 -123.30900 49.18878 -59.51949 .01389
5 -123.30990 49.18739 -60.38212 .02778
5 -123.31077 49.18611 -61.59555 .04167
5 -123.31165 49.18485 -62.96546 .05556
5 -123.31243 49.18362 -64.12855 .06944
5 -123.31300 49.18254 -65.55192 .08333
5 -123.31356 49.18146 -67.03175 .09722
5 -123.31419 49.18056 -67.84958 .11111
5 -123.31485 49.17979 -68.11816 .12500
5 -123.31551 49.17902 -68.38674 .13889
5 -123.31624 49.17826 -69.00066 .15278
5 -123.31705 49.17752 -69.95992 .16667
5 -123.31790 49.17676 -70.83438 .18056
5 -123.31888 49.17606 -71.47564 .19444
5 -123.31989 49.17545 -71.26013 .20833
5 -123.32090 49.17485 -71.01079 .22222
5 -123.32186 49.17409 -70.30346 .23611
5 -123.32275 49.17315 -69.16232 .25000
5 -123.32364 49.17220 -68.02117 .26389
5 -123.32446 49.17111 -67.05191 .27778
5 -123.32502 49.17055 -66.26459 .29167
5 -123.32554 49.16991 -64.93219 .30556
5 -123.32594 49.16893 -63.51748 .31944
5 -123.32622 49.16761 -62.82939 .33333
5 -123.32647 49.16627 -62.80677 .34722
5 -123.32670 49.16466 -61.84361 .36111
5 -123.32676 49.16259 -59.47955 .37500
5 -123.32675 49.16060 -57.47116 .38889
5 -123.32666 49.15834 -55.77037 .40278
5 -123.32695 49.15573 -54.19321 .41667
5 -123.32743 49.15310 -52.50530 .43056
5 -123.32797 49.15040 -50.60462 .44444
5 -123.32900 49.14817 -49.26091 .45833
5 -123.33000 49.14594 -48.05064 .47222
5 -123.33091 49.14357 -47.14843 .48611
5 -123.33204 49.14098 -46.55352 .50000
5 -123.33310 49.13851 -46.34689 .51389
5 -123.33433 49.13627 -46.94529 .52778
5 -123.33574 49.13423 -48.36172 .54167
5 -123.33758 49.13230 -49.44520 .55556
5 -123.33942 49.13069 -50.12803 .56944
5 -123.34114 49.12953 -50.14477 .58333
5 -123.34286 49.12836 -50.16151 .59722
5 -123.34471 49.12768 -49.18768 .61111
5 -123.34665 49.12739 -47.75571 .62500
5 -123.34860 49.12711 -46.32374 .63889
5 -123.35085 49.12686 -45.74792 .65278
5 -123.35341 49.12666 -45.86184 .66667
5 -123.35600 49.12648 -46.11284 .68056
5 -123.35853 49.12655 -47.72884 .69444
5 -123.36106 49.12672 -50.33839 .70833
5 -123.36470 49.12707 -53.33403 .72222
5 -123.36869 49.12772 -56.32655 .73611
5 -123.37264 49.12846 -58.41160 .75000
5 -123.37663 49.12936 -59.90927 .76389
5 -123.38020 49.13024 -60.56821 .77778
5 -123.38353 49.13092 -60.75564 .79167
5 -123.38681 49.13158 -61.17545 .80556
6 -123.30807 49.19026 -77.00977 .00000
6 -123.30833 49.18920 -77.97759 .01389
6 -123.30861 49.18822 -78.76359 .02778
6 -123.30890 49.18731 -79.36774 .04167
6 -123.30918 49.18641 -79.97190 .05556
6 -123.30952 49.18556 -80.68407 .06944
6 -123.30992 49.18478 -81.50426 .08333
6 -123.31031 49.18399 -81.66622 .09722
6 -123.31074 49.18321 -82.36633 .11111
6 -123.31121 49.18244 -83.89103 .12500
6 -123.31168 49.18166 -85.41574 .13889
6 -123.31232 49.18093 -86.98280 .15278
6 -123.31287 49.18012 -88.57918 .16667
6 -123.31339 49.17920 -89.57541 .18056
6 -123.31391 49.17816 -89.97627 .19444
6 -123.31425 49.17710 -88.92435 .20833
6 -123.31453 49.17608 -87.45201 .22222
6 -123.31517 49.17523 -86.56323 .23611
6 -123.31579 49.17416 -87.34291 .25000
6 -123.31616 49.17288 -88.60700 .26389
6 -123.31646 49.17144 -89.71144 .27778
6 -123.31662 49.16989 -90.76434 .29167
6 -123.31678 49.16831 -91.66327 .30556
6 -123.31669 49.16630 -91.13375 .31944
6 -123.31636 49.16401 -89.51232 .33333
6 -123.31604 49.16172 -87.89088 .34722
6 -123.31548 49.15956 -85.20011 .36111
6 -123.31473 49.15715 -83.18150 .37500
6 -123.31363 49.15485 -80.75954 .38889
6 -123.31271 49.15222 -77.82507 .40278
6 -123.31191 49.14933 -75.55117 .41667
6 -123.31129 49.14650 -73.73818 .43056
6 -123.31099 49.14348 -72.89965 .44444
6 -123.31110 49.14063 -71.16156 .45833
6 -123.31129 49.13784 -69.24877 .47222
6 -123.31206 49.13540 -67.73182 .48611
6 -123.31322 49.13321 -67.16677 .50000
6 -123.31435 49.13073 -67.92846 .51389
6 -123.31566 49.12867 -68.82434 .52778
6 -123.31728 49.12701 -68.73060 .54167
6 -123.31895 49.12538 -68.32060 .55556
6 -123.32062 49.12432 -67.25667 .56944
6 -123.32177 49.12382 -65.79099 .58333
6 -123.32286 49.12332 -64.35867 .59722
6 -123.32391 49.12302 -62.93277 .61111
6 -123.32493 49.12293 -61.51329 .62500
6 -123.32612 49.12293 -60.67331 .63889
6 -123.32749 49.12278 -60.94700 .65278
6 -123.32895 49.12243 -61.96614 .66667
6 -123.33040 49.12208 -62.98527 .68056
6 -123.33231 49.12165 -65.01388 .69444
6 -123.33457 49.12128 -68.09740 .70833
6 -123.33661 49.12116 -71.06265 .72222
6 -123.33914 49.12105 -73.25164 .73611
6 -123.34215 49.12098 -74.57984 .75000
6 -123.34513 49.12091 -76.17963 .76389
7 -123.30807 49.19026 -45.04105 .00000
7 -123.30803 49.19027 -45.17127 .01389
7 -123.30844 49.19031 -45.25921 .02778
7 -123.30933 49.19037 -45.31078 .04167
7 -123.31023 49.19042 -45.36235 .05556
7 -123.31115 49.19083 -45.60820 .06944
7 -123.31210 49.19158 -46.04833 .08333
7 -123.31306 49.19234 -46.48845 .09722
7 -123.31371 49.19342 -47.16442 .11111
7 -123.31467 49.19447 -48.07758 .12500
7 -123.31563 49.19553 -48.99074 .13889
7 -123.31592 49.19666 -49.18182 .15278
7 -123.31558 49.19784 -48.66661 .16667
7 -123.31581 49.19876 -48.58496 .18056
7 -123.31564 49.19936 -48.17376 .19444
7 -123.31509 49.19970 -47.39360 .20833
7 -123.31453 49.20004 -46.61344 .22222
7 -123.31398 49.20006 -46.23004 .23611
7 -123.31343 49.19977 -46.24341 .25000
7 -123.31289 49.19948 -46.25678 .26389
7 -123.31247 49.19898 -45.82416 .27778
7 -123.31216 49.19833 -45.21340 .29167
7 -123.31185 49.19769 -44.61999 .30556
7 -123.31160 49.19683 -44.35558 .31944
7 -123.31141 49.19575 -44.42014 .33333
7 -123.31122 49.19467 -44.48470 .34722
7 -123.31102 49.19343 -44.49094 .36111
7 -123.31077 49.19198 -44.01497 .37500
7 -123.31051 49.19052 -43.53901 .38889
7 -123.31039 49.18894 -42.61291 .40278
7 -123.31053 49.18722 -41.01514 .41667
7 -123.31066 49.18551 -39.41737 .43056
7 -123.31076 49.18383 -38.89835 .44444
7 -123.31094 49.18226 -38.08134 .45833
7 -123.31112 49.18068 -37.26434 .47222
7 -123.31134 49.17915 -36.65875 .48611
7 -123.31150 49.17773 -36.87169 .50000
7 -123.31168 49.17640 -37.24282 .51389
7 -123.31195 49.17530 -37.59666 .52778
7 -123.31230 49.17445 -37.93324 .54167
7 -123.31264 49.17360 -38.26981 .55556
7 -123.31298 49.17287 -38.70733 .56944
7 -123.31344 49.17216 -39.21398 .58333
7 -123.31409 49.17130 -39.34174 .59722
7 -123.31463 49.17045 -39.20077 .61111
7 -123.31500 49.16974 -38.82409 .62500
7 -123.31535 49.16908 -38.45566 .63889
7 -123.31574 49.16845 -38.58357 .65278
7 -123.31618 49.16780 -39.19854 .66667
7 -123.31673 49.16693 -39.72070 .68056
7 -123.31731 49.16611 -40.55745 .69444
7 -123.31794 49.16534 -41.72847 .70833
7 -123.31857 49.16457 -42.89948 .72222
8 -123.30807 49.19026 -59.00765 .00000
8 -123.30875 49.18933 -59.40378 .01389
8 -123.30958 49.18851 -59.33738 .02778
8 -123.31056 49.18777 -58.80848 .04167
8 -123.31154 49.18704 -58.27957 .05556
8 -123.31274 49.18648 -58.49652 .06944
8 -123.31412 49.18613 -59.31167 .08333
8 -123.31551 49.18578 -60.12682 .09722
8 -123.31689 49.18560 -60.49810 .11111
8 -123.31824 49.18553 -60.41180 .12500
8 -123.31958 49.18538 -60.30624 .13889
8 -123.32068 49.18515 -59.92029 .15278
8 -123.32157 49.18486 -59.25395 .16667
8 -123.32245 49.18457 -58.58761 .18056
8 -123.32312 49.18383 -57.71878 .19444
8 -123.32354 49.18256 -56.06331 .20833
8 -123.32396 49.18128 -54.40784 .22222
8 -123.32442 49.17978 -53.66803 .23611
8 -123.32474 49.17820 -53.89640 .25000
8 -123.32488 49.17658 -53.96460 .26389
8 -123.32495 49.17459 -53.29034 .27778
8 -123.32481 49.17225 -52.23640 .29167
8 -123.32462 49.16992 -51.33548 .30556
8 -123.32474 49.16747 -49.92872 .31944
8 -123.32525 49.16507 -47.84025 .33333
8 -123.32573 49.16270 -45.96711 .34722
8 -123.32625 49.16002 -45.15840 .36111
8 -123.32689 49.15700 -44.49602 .37500
8 -123.32764 49.15415 -43.31570 .38889
8 -123.32866 49.15140 -42.38293 .40278
8 -123.32999 49.14872 -42.61866 .41667
8 -123.33135 49.14603 -43.00609 .43056
8 -123.33305 49.14385 -43.17462 .44444
8 -123.33488 49.14203 -43.40444 .45833
8 -123.33697 49.14029 -44.66189 .47222
8 -123.33908 49.13894 -45.12114 .48611
8 -123.34142 49.13826 -44.50442 .50000
8 -123.34376 49.13757 -43.88770 .51389
8 -123.34612 49.13721 -43.15827 .52778
8 -123.34848 49.13712 -42.17483 .54167
8 -123.35083 49.13703 -41.19139 .55556
8 -123.35347 49.13702 -41.58136 .56944
8 -123.35629 49.13692 -42.86696 .58333
8 -123.35936 49.13694 -43.83455 .59722
8 -123.36253 49.13716 -45.80001 .61111
8 -123.36553 49.13740 -48.63462 .62500
8 -123.36847 49.13758 -51.81303 .63889
8 -123.37210 49.13792 -54.17637 .65278
8 -123.37520 49.13781 -54.98722 .66667
8 -123.37828 49.13768 -55.76472 .68056
9 -123.30807 49.19026 -77.00977 .00000
9 -123.30826 49.18930 -76.45250 .01389
9 -123.30864 49.18842 -76.63592 .02778
9 -123.30919 49.18762 -77.56004 .04167
9 -123.30974 49.18682 -78.48415 .05556
9 -123.31052 49.18609 -79.63116 .06944
9 -123.31147 49.18534 -81.10245 .08333
9 -123.31236 49.18453 -82.67160 .09722
9 -123.31306 49.18363 -83.36802 .11111
9 -123.31361 49.18268 -83.02138 .12500
9 -123.31418 49.18176 -82.55812 .13889
9 -123.31450 49.18036 -82.62762 .15278
9 -123.31471 49.17869 -83.51404 .16667
9 -123.31489 49.17712 -84.47726 .18056
9 -123.31490 49.17547 -85.20786 .19444
9 -123.31488 49.17350 -85.46148 .20833
9 -123.31478 49.17165 -85.36892 .22222
9 -123.31445 49.16953 -84.11099 .23611
9 -123.31406 49.16699 -81.97454 .25000
9 -123.31334 49.16471 -79.52873 .26389
9 -123.31281 49.16205 -77.22951 .27778
9 -123.31232 49.15910 -74.88629 .29167
9 -123.31158 49.15618 -73.38011 .30556
9 -123.31097 49.15328 -72.03680 .31944
9 -123.31073 49.15029 -70.55715 .33333
9 -123.31051 49.14733 -69.23786 .34722
9 -123.31063 49.14464 -68.61354 .36111
9 -123.31104 49.14208 -68.02030 .37500
9 -123.31169 49.13986 -66.44848 .38889
9 -123.31263 49.13832 -66.07461 .40278
9 -123.31365 49.13699 -66.46996 .41667
9 -123.31489 49.13560 -66.23900 .43056
9 -123.31630 49.13457 -66.06205 .44444
9 -123.31775 49.13393 -65.85125 .45833
9 -123.31920 49.13328 -65.64046 .47222
9 -123.32047 49.13293 -65.19545 .48611
9 -123.32163 49.13297 -65.10634 .50000
9 -123.32279 49.13300 -65.01723 .51389
9 -123.32378 49.13298 -65.07578 .52778
9 -123.32455 49.13294 -65.20182 .54167
9 -123.32527 49.13293 -65.21430 .55556
9 -123.32605 49.13269 -65.00636 .56944
9 -123.32697 49.13225 -64.74906 .58333
9 -123.32806 49.13185 -64.84989 .59722
9 -123.32959 49.13133 -66.12545 .61111
9 -123.33166 49.13075 -68.53638 .62500
9 -123.33394 49.13031 -71.02838 .63889
10 -123.30807 49.19026 -45.04105 .00000
10 -123.30824 49.19182 -45.90412 .01389
10 -123.30802 49.19350 -46.28813 .02778
10 -123.30741 49.19531 -46.19306 .04167
10 -123.30696 49.19708 -46.18449 .05556
10 -123.30658 49.19906 -46.50552 .06944
10 -123.30589 49.20078 -45.86378 .08333
10 -123.30528 49.20229 -45.36027 .09722
10 -123.30460 49.20354 -45.24510 .11111
10 -123.30373 49.20452 -45.52115 .12500
10 -123.30287 49.20551 -45.79721 .13889
10 -123.30190 49.20617 -45.30975 .15278
10 -123.30082 49.20655 -44.75268 .16667
10 -123.29974 49.20698 -44.78256 .18056
10 -123.29897 49.20722 -44.61254 .19444
10 -123.29850 49.20727 -44.24264 .20833
10 -123.29804 49.20731 -43.87273 .22222
10 -123.29768 49.20733 -43.81687 .23611
10 -123.29742 49.20730 -44.07506 .25000
10 -123.29717 49.20728 -44.33325 .26389
10 -123.29694 49.20725 -44.18752 .27778
10 -123.29672 49.20722 -43.63787 .29167
10 -123.29650 49.20718 -43.08821 .30556
10 -123.29625 49.20719 -42.68397 .31944
10 -123.29598 49.20723 -42.42515 .33333
10 -123.29572 49.20728 -42.16633 .34722
10 -123.29537 49.20730 -41.24251 .36111
10 -123.29496 49.20733 -39.74452 .37500
10 -123.29488 49.20740 -38.20143 .38889
10 -123.29515 49.20756 -36.84575 .40278
10 -123.29554 49.20776 -35.70981 .41667
10 -123.29593 49.20797 -34.57387 .43056
10 -123.29628 49.20810 -34.15560 .44444
10 -123.29664 49.20819 -34.29180 .45833
10 -123.29700 49.20829 -34.42801 .47222
10 -123.29736 49.20839 -34.48168 .48611
10 -123.29774 49.20849 -34.45280 .50000
10 -123.29811 49.20859 -34.42392 .51389
10 -123.29836 49.20867 -34.79256 .52778
10 -123.29849 49.20873 -35.55872 .54167
10 -123.29861 49.20878 -36.32489 .55556
10 -123.29852 49.20875 -36.52826 .56944
10 -123.29822 49.20865 -36.16884 .58333
10 -123.29793 49.20855 -35.80943 .59722
11 -123.30807 49.19026 -59.00765 .00000
11 -123.30917 49.19039 -58.78157 .01389
11 -123.31024 49.19059 -58.59107 .02778
11 -123.31127 49.19085 -58.43615 .04167
11 -123.31230 49.19111 -58.28123 .05556
11 -123.31309 49.19116 -58.22719 .06944
11 -123.31365 49.19100 -58.27401 .08333
11 -123.31421 49.19084 -58.32084 .09722
11 -123.31464 49.19020 -58.12013 .11111
11 -123.31482 49.18882 -58.07715 .12500
11 -123.31487 49.18745 -58.18560 .13889
11 -123.31462 49.18585 -57.86358 .15278
11 -123.31435 49.18386 -56.87378 .16667
11 -123.31395 49.18196 -55.95130 .18056
11 -123.31341 49.17970 -54.25422 .19444
11 -123.31288 49.17703 -51.64339 .20833
11 -123.31263 49.17510 -49.21703 .22222
11 -123.31255 49.17313 -47.38523 .23611
11 -123.31244 49.17095 -46.21567 .25000
11 -123.31238 49.16866 -45.24416 .26389
11 -123.31245 49.16637 -44.20630 .27778
11 -123.31276 49.16403 -43.19366 .29167
11 -123.31302 49.16161 -42.75396 .30556
11 -123.31361 49.15951 -42.62107 .31944
11 -123.31458 49.15765 -42.62096 .33333
11 -123.31561 49.15572 -42.71963 .34722
11 -123.31673 49.15407 -43.48500 .36111
11 -123.31799 49.15268 -44.79003 .37500
11 -123.31931 49.15127 -46.02753 .38889
11 -123.32059 49.15012 -46.28001 .40278
11 -123.32195 49.14931 -45.70775 .41667
11 -123.32324 49.14860 -45.26520 .43056
11 -123.32442 49.14809 -45.05608 .44444
11 -123.32557 49.14777 -45.06240 .45833
11 -123.32677 49.14747 -45.38165 .47222
11 -123.32815 49.14717 -45.97932 .48611
11 -123.32955 49.14691 -46.78448 .50000
11 -123.33096 49.14665 -47.58964 .51389
11 -123.33255 49.14626 -49.12224 .52778
11 -123.33438 49.14567 -51.43876 .54167
11 -123.33622 49.14466 -53.58688 .55556
12 -123.30807 49.19026 -77.00977 .00000
12 -123.30831 49.18934 -77.48285 .01389
12 -123.30852 49.18826 -77.75227 .02778
12 -123.30871 49.18700 -77.81802 .04167
12 -123.30890 49.18575 -77.88378 .05556
12 -123.30900 49.18427 -77.90216 .06944
12 -123.30892 49.18249 -78.01050 .08333
12 -123.30877 49.18053 -78.09824 .09722
12 -123.30851 49.17846 -78.20634 .11111
12 -123.30818 49.17619 -78.18350 .12500
12 -123.30759 49.17414 -77.68238 .13889
12 -123.30681 49.17189 -76.00407 .15278
12 -123.30604 49.16926 -74.06517 .16667
12 -123.30504 49.16686 -72.41754 .18056
12 -123.30446 49.16460 -70.08083 .19444
12 -123.30428 49.16247 -67.11708 .20833
12 -123.30424 49.16032 -64.88369 .22222
12 -123.30420 49.15845 -63.03297 .23611
12 -123.30451 49.15663 -61.50905 .25000
12 -123.30477 49.15493 -60.18209 .26389
12 -123.30511 49.15334 -59.36697 .27778
12 -123.30580 49.15192 -58.93432 .29167
12 -123.30648 49.15050 -58.50167 .30556
12 -123.30730 49.14931 -58.49216 .31944
12 -123.30787 49.14844 -58.34873 .33333
12 -123.30843 49.14758 -58.20531 .34722
12 -123.30903 49.14695 -58.07426 .36111
12 -123.30967 49.14657 -57.95558 .37500
12 -123.31031 49.14618 -57.83690 .38889
12 -123.31091 49.14603 -57.97328 .40278
12 -123.31147 49.14606 -58.57059 .41667
12 -123.31201 49.14607 -59.25793 .43056
12 -123.31242 49.14602 -59.78123 .44444
12 -123.31270 49.14589 -60.14049 .45833
12 -123.31298 49.14577 -60.49976 .47222
12 -123.31329 49.14535 -60.92357 .48611
12 -123.31365 49.14465 -61.41193 .50000
12 -123.31401 49.14394 -61.90029 .51389
13 -123.30807 49.19026 -45.04105 .00000
13 -123.30827 49.19010 -45.11231 .01389
13 -123.30849 49.18975 -44.94890 .02778
13 -123.30871 49.18923 -44.55083 .04167
13 -123.30893 49.18870 -44.15277 .05556
13 -123.30921 49.18811 -43.76657 .06944
13 -123.30954 49.18745 -43.39225 .08333
13 -123.30987 49.18679 -43.01792 .09722
13 -123.31015 49.18593 -42.28946 .11111
13 -123.31035 49.18483 -41.17492 .12500
13 -123.31001 49.18362 -39.95834 .13889
13 -123.30953 49.18220 -38.74664 .15278
13 -123.30917 49.18055 -37.46626 .16667
13 -123.30875 49.17892 -36.48533 .18056
13 -123.30847 49.17733 -36.04907 .19444
13 -123.30841 49.17576 -35.78792 .20833
13 -123.30846 49.17416 -35.16191 .22222
13 -123.30886 49.17268 -34.45753 .23611
13 -123.30939 49.17137 -34.37300 .25000
13 -123.30991 49.17006 -34.28846 .26389
13 -123.31041 49.16891 -34.85571 .27778
13 -123.31098 49.16783 -35.89720 .29167
13 -123.31157 49.16674 -36.95999 .30556
13 -123.31210 49.16581 -37.84482 .31944
13 -123.31257 49.16502 -38.55168 .33333
13 -123.31313 49.16420 -39.20217 .34722
13 -123.31397 49.16330 -39.31366 .36111
13 -123.31470 49.16244 -39.56699 .37500
13 -123.31537 49.16161 -39.83611 .38889
13 -123.31592 49.16083 -40.26447 .40278
13 -123.31641 49.16011 -40.86506 .41667
13 -123.31705 49.15951 -41.74008 .43056
13 -123.31776 49.15889 -42.74004 .44444
13 -123.31855 49.15826 -43.86495 .45833
13 -123.31935 49.15763 -44.98985 .47222
14 -123.30807 49.19026 -59.00765 .00000
14 -123.30805 49.19026 -58.20678 .01389
14 -123.30762 49.18956 -57.72835 .02778
14 -123.30671 49.18806 -57.70913 .04167
14 -123.30581 49.18656 -57.68991 .05556
14 -123.30480 49.18490 -57.26779 .06944
14 -123.30385 49.18300 -56.51562 .08333
14 -123.30291 49.18121 -55.35286 .09722
14 -123.30229 49.17945 -53.60470 .11111
14 -123.30196 49.17747 -52.06892 .12500
14 -123.30140 49.17598 -50.25172 .13889
14 -123.30106 49.17486 -48.62768 .15278
14 -123.30076 49.17370 -47.31354 .16667
14 -123.30051 49.17253 -46.34280 .18056
14 -123.30038 49.17159 -45.45845 .19444
14 -123.30039 49.17078 -45.08358 .20833
14 -123.30041 49.16998 -44.70871 .22222
14 -123.30057 49.16929 -44.72782 .23611
14 -123.30089 49.16872 -45.14090 .25000
14 -123.30121 49.16814 -45.55399 .26389
14 -123.30155 49.16760 -46.14074 .27778
14 -123.30189 49.16708 -46.87887 .29167
14 -123.30211 49.16642 -47.18429 .30556
14 -123.30231 49.16587 -47.23311 .31944
14 -123.30253 49.16543 -47.10775 .33333
14 -123.30274 49.16498 -46.98239 .34722
14 -123.30306 49.16460 -47.47528 .36111
14 -123.30347 49.16429 -48.58640 .37500
14 -123.30387 49.16398 -49.69752 .38889
14 -123.30432 49.16363 -50.92581 .40278
14 -123.30454 49.16325 -52.34099 .41667
14 -123.30475 49.16287 -53.75817 .43056
15 -123.30807 49.19026 -77.00977 .00000
15 -123.30781 49.18756 -76.60605 .01389
15 -123.30768 49.18488 -75.47853 .02778
15 -123.30746 49.18243 -73.93050 .04167
15 -123.30706 49.17967 -72.17968 .05556
15 -123.30664 49.17706 -69.45363 .06944
15 -123.30630 49.17476 -67.01306 .08333
15 -123.30588 49.17231 -65.58620 .09722
15 -123.30565 49.16982 -64.05875 .11111
15 -123.30552 49.16756 -62.24292 .12500
15 -123.30542 49.16533 -60.50294 .13889
15 -123.30584 49.16356 -59.56027 .15278
15 -123.30652 49.16183 -59.09632 .16667
15 -123.30721 49.16011 -58.63236 .18056
15 -123.30793 49.15874 -58.56356 .19444
15 -123.30882 49.15759 -59.09657 .20833
15 -123.30975 49.15643 -59.72192 .22222
15 -123.31066 49.15544 -59.61988 .23611
15 -123.31157 49.15463 -58.79046 .25000
15 -123.31254 49.15374 -57.91442 .26389
15 -123.31349 49.15307 -57.54079 .27778
15 -123.31441 49.15261 -57.67079 .29167
15 -123.31533 49.15215 -57.80079 .30556
15 -123.31615 49.15168 -58.36924 .31944
15 -123.31683 49.15115 -59.21238 .33333
15 -123.31740 49.15067 -59.91668 .34722
15 -123.31800 49.14996 -60.51498 .36111
15 -123.31870 49.14900 -61.05614 .37500
15 -123.31940 49.14803 -61.59731 .38889
16 -123.30807 49.19026 -45.04105 .00000
16 -123.30811 49.18904 -44.11408 .01389
16 -123.30818 49.18761 -42.84521 .02778
16 -123.30828 49.18597 -41.23447 .04167
16 -123.30825 49.18442 -39.31745 .05556
16 -123.30833 49.18314 -37.49813 .06944
16 -123.30844 49.18156 -36.65350 .08333
16 -123.30846 49.17985 -36.01981 .09722
16 -123.30834 49.17838 -36.12531 .11111
16 -123.30847 49.17714 -36.60606 .12500
16 -123.30860 49.17590 -37.08682 .13889
16 -123.30881 49.17491 -37.59526 .15278
16 -123.30918 49.17411 -38.35362 .16667
16 -123.30969 49.17318 -39.54376 .18056
16 -123.31025 49.17227 -40.38568 .19444
16 -123.31082 49.17152 -40.92958 .20833
16 -123.31139 49.17077 -41.47349 .22222
16 -123.31186 49.16995 -41.40792 .23611
16 -123.31223 49.16909 -40.88859 .25000
16 -123.31260 49.16824 -40.36926 .26389
16 -123.31297 49.16735 -40.28752 .27778
16 -123.31332 49.16643 -40.47521 .29167
16 -123.31367 49.16552 -40.66291 .30556
16 -123.31418 49.16472 -41.38495 .31944
16 -123.31481 49.16403 -42.55285 .33333
16 -123.31544 49.16333 -43.72076 .34722
17 -123.30807 49.19026 -59.00765 .00000
17 -123.30781 49.18751 -56.31657 .01389
17 -123.30762 49.18479 -54.21211 .02778
17 -123.30758 49.18213 -52.69840 .04167
17 -123.30762 49.17945 -50.84403 .05556
17 -123.30790 49.17777 -49.40345 .06944
17 -123.30847 49.17621 -48.69532 .08333
17 -123.30905 49.17454 -48.27151 .09722
17 -123.30950 49.17316 -48.09893 .11111
17 -123.31015 49.17207 -48.41611 .12500
17 -123.31080 49.17099 -48.73330 .13889
17 -123.31145 49.17004 -48.83404 .15278
17 -123.31214 49.16919 -48.59090 .16667
17 -123.31282 49.16833 -48.34775 .18056
17 -123.31340 49.16746 -47.98079 .19444
17 -123.31388 49.16657 -47.59473 .20833
17 -123.31437 49.16568 -47.22090 .22222
17 -123.31497 49.16484 -47.30699 .23611
17 -123.31555 49.16400 -47.72295 .25000
17 -123.31612 49.16316 -48.13891 .26389
17 -123.31678 49.16239 -48.91728 .27778
17 -123.31753 49.16168 -50.05804 .29167
17 -123.31832 49.16096 -51.00592 .30556
18 -123.30807 49.19026 -77.00977 .00000
18 -123.30757 49.18769 -74.05161 .01389
18 -123.30717 49.18546 -71.42553 .02778
18 -123.30711 49.18373 -70.38669 .04167
18 -123.30706 49.18200 -69.36457 .05556
18 -123.30718 49.18040 -68.48979 .06944
18 -123.30699 49.17918 -67.92774 .08333
18 -123.30676 49.17798 -67.37947 .09722
18 -123.30687 49.17688 -67.00558 .11111
18 -123.30764 49.17569 -66.80895 .12500
18 -123.30838 49.17450 -66.70059 .13889
18 -123.30889 49.17336 -66.17884 .15278
18 -123.30936 49.17231 -65.17293 .16667
18 -123.30983 49.17125 -64.16701 .18056
18 -123.31039 49.17023 -63.65224 .19444
18 -123.31100 49.16917 -63.73169 .20833
18 -123.31140 49.16807 -64.19122 .22222
18 -123.31171 49.16704 -65.45765 .23611
18 -123.31211 49.16604 -67.28046 .25000
18 -123.31260 49.16535 -69.08682 .26389
19 -123.30807 49.19026 -45.04105 .00000
19 -123.30830 49.18876 -44.82460 .01389
19 -123.30883 49.18750 -45.10745 .02778
19 -123.30964 49.18646 -45.88961 .04167
19 -123.31046 49.18543 -46.67177 .05556
19 -123.31118 49.18444 -46.95878 .06944
19 -123.31183 49.18363 -47.11315 .08333
19 -123.31234 49.18290 -47.47936 .09722
19 -123.31270 49.18217 -47.27877 .11111
19 -123.31290 49.18146 -46.51139 .12500
19 -123.31310 49.18074 -45.74401 .13889
19 -123.31322 49.17991 -45.42746 .15278
19 -123.31327 49.17896 -45.58544 .16667
19 -123.31331 49.17801 -45.74947 .18056
19 -123.31338 49.17701 -46.50790 .19444
19 -123.31351 49.17592 -47.76504 .20833
19 -123.31364 49.17483 -49.02217 .22222
20 -123.30807 49.19026 -59.00765 .00000
20 -123.30864 49.18871 -58.78739 .01389
20 -123.30923 49.18726 -58.85107 .02778
20 -123.30983 49.18591 -59.19871 .04167
20 -123.31042 49.18458 -59.47513 .05556
20 -123.31090 49.18331 -59.34478 .06944
20 -123.31126 49.18207 -58.88477 .08333
20 -123.31161 49.18082 -58.42475 .09722
20 -123.31193 49.17958 -58.04905 .11111
20 -123.31222 49.17836 -57.86980 .12500
20 -123.31255 49.17715 -57.82832 .13889
20 -123.31300 49.17589 -58.51697 .15278
20 -123.31355 49.17457 -59.93574 .16667
20 -123.31410 49.17326 -61.35875 .18056
21 -123.30807 49.19026 -77.00977 .00000
21 -123.30811 49.18917 -77.14595 .01389
21 -123.30824 49.18815 -77.05292 .02778
21 -123.30847 49.18721 -76.73069 .04167
21 -123.30870 49.18627 -76.40845 .05556
21 -123.30898 49.18542 -76.35848 .06944
21 -123.30933 49.18464 -76.56997 .08333
21 -123.30974 49.18383 -76.37380 .09722
21 -123.31024 49.18293 -76.73586 .11111
21 -123.31085 49.18203 -77.55496 .12500
21 -123.31147 49.18113 -78.37406 .13889
22 -123.30807 49.19026 -45.04105 .00000
22 -123.30820 49.18965 -44.09410 .01389
22 -123.30815 49.18889 -43.81034 .02778
22 -123.30794 49.18799 -44.18976 .04167
22 -123.30772 49.18709 -44.56919 .05556
22 -123.30761 49.18608 -44.98433 .06944
22 -123.30756 49.18501 -45.44943 .08333
22 -123.30737 49.18401 -45.95271 .09722
23 -123.30807 49.19026 -59.00765 .00000
23 -123.30862 49.18904 -59.10719 .01389
23 -123.30915 49.18779 -59.01985 .02778
23 -123.30967 49.18651 -58.74562 .04167
23 -123.31019 49.18524 -58.47138 .05556
24 -123.30807 49.19026 -77.00977 .00000
24 -123.30844 49.18945 -76.44227 .01389
