1 -123.30807 49.19026 -45.04105 .00000
1 -123.30808 49.18948 -44.91328 .01389
1 -123.30797 49.18848 -44.71813 .02778
1 -123.30774 49.18725 -44.45559 .04167
1 -123.30751 49.18602 -44.19305 .05556
1 -123.30744 49.18458 -44.36701 .06944
1 -123.30755 49.18291 -44.98673 .08333
1 -123.30767 49.18126 -46.08274 .09722
1 -123.30821 49.17965 -48.43879 .11111
1 -123.30901 49.17804 -51.47326 .12500
1 -123.30933 49.17633 -54.41979 .13889
1 -123.31000 49.17484 -57.32123 .15278
1 -123.31092 49.17357 -59.39985 .16667
1 -123.31176 49.17235 -60.73517 .18056
1 -123.31253 49.17134 -61.25752 .19444
1 -123.31324 49.17062 -61.03379 .20833
1 -123.31395 49.16990 -60.81006 .22222
1 -123.31461 49.16931 -60.14481 .23611
1 -123.31521 49.16886 -59.03805 .25000
1 -123.31581 49.16841 -57.93128 .26389
1 -123.31653 49.16827 -57.76212 .27778
1 -123.31734 49.16843 -57.52011 .29167
1 -123.31815 49.16859 -57.27810 .30556
1 -123.31888 49.16888 -56.98505 .31944
1 -123.31952 49.16930 -56.64098 .33333
1 -123.32017 49.16972 -56.29692 .34722
1 -123.32066 49.17028 -55.16766 .36111
1 -123.32123 49.17086 -54.03509 .37500
1 -123.32181 49.17145 -52.90251 .38889
1 -123.32218 49.17204 -51.04993 .40278
1 -123.32141 49.17271 -48.72691 .41667
1 -123.32061 49.17341 -46.67896 .43056
1 -123.31987 49.17371 -45.94789 .44444
1 -123.31921 49.17352 -45.29084 .45833
1 -123.31856 49.17332 -44.63378 .47222
1 -123.31814 49.17273 -44.19047 .48611
1 -123.31795 49.17175 -43.96090 .50000
1 -123.31778 49.17078 -43.32451 .51389
1 -123.31785 49.16958 -42.42089 .52778
1 -123.31807 49.16799 -42.27079 .54167
1 -123.31829 49.16640 -42.12069 .55556
1 -123.31875 49.16451 -42.23802 .56944
1 -123.31945 49.16233 -42.26002 .58333
1 -123.32016 49.16019 -42.12896 .59722
1 -123.32078 49.15805 -41.54328 .61111
1 -123.32179 49.15593 -40.66524 .62500
1 -123.32285 49.15390 -39.72809 .63889
1 -123.32359 49.15183 -39.50114 .65278
1 -123.32444 49.14944 -39.66544 .66667
1 -123.32515 49.14703 -39.81100 .68056
1 -123.32586 49.14469 -40.42497 .69444
1 -123.32669 49.14244 -41.20738 .70833
1 -123.32748 49.14014 -41.80134 .72222
1 -123.32827 49.13805 -42.68055 .73611
1 -123.32907 49.13621 -43.63998 .75000
1 -123.33007 49.13453 -44.42579 .76389
1 -123.33117 49.13370 -45.00033 .77778
1 -123.33224 49.13361 -45.31204 .79167
1 -123.33332 49.13353 -45.62376 .80556
1 -123.33412 49.13398 -45.25333 .81944
1 -123.33484 49.13487 -43.80537 .83333
1 -123.33574 49.13568 -42.03442 .84722
1 -123.33650 49.13679 -40.54437 .86111
1 -123.33712 49.13818 -39.33524 .87500
1 -123.33774 49.13929 -37.93512 .88889
1 -123.33851 49.14040 -37.34652 .90278
1 -123.33946 49.14155 -37.64014 .91667
1 -123.34042 49.14270 -37.86350 .93056
1 -123.34158 49.14406 -38.29803 .94444
1 -123.34285 49.14561 -39.41684 .95833
1 -123.34416 49.14680 -40.48378 .97222
2 -123.30807 49.19026 -59.00765 .00000
2 -123.30779 49.18969 -59.39936 .01389
2 -123.30740 49.18883 -59.67732 .02778
2 -123.30691 49.18770 -59.84154 .04167
2 -123.30642 49.18657 -60.00576 .05556
2 -123.30611 49.18528 -60.40482 .06944
2 -123.30601 49.18385 -61.05417 .08333
2 -123.30590 49.18241 -61.70352 .09722
2 -123.30624 49.18098 -63.70807 .11111
2 -123.30699 49.17953 -66.88101 .12500
2 -123.30733 49.17838 -70.10590 .13889
2 -123.30762 49.17742 -71.40448 .15278
2 -123.30790 49.17662 -70.76898 .16667
2 -123.30818 49.17582 -70.13347 .18056
2 -123.30841 49.17516 -69.68162 .19444
2 -123.30852 49.17455 -69.53675 .20833
2 -123.30853 49.17382 -69.72981 .22222
2 -123.30859 49.17331 -69.61011 .23611
2 -123.30873 49.17301 -69.17763 .25000
2 -123.30886 49.17270 -68.74516 .26389
2 -123.30916 49.17261 -68.56321 .27778
2 -123.30963 49.17271 -68.63178 .29167
2 -123.31010 49.17282 -68.70035 .30556
2 -123.31075 49.17298 -68.69685 .31944
2 -123.31157 49.17319 -68.62128 .33333
2 -123.31239 49.17339 -68.78352 .34722
2 -123.31332 49.17374 -68.94176 .36111
2 -123.31433 49.17423 -68.44885 .37500
2 -123.31536 49.17474 -67.44303 .38889
2 -123.31505 49.17550 -65.12868 .40278
2 -123.31425 49.17608 -62.55224 .41667
2 -123.31345 49.17667 -59.97580 .43056
2 -123.31264 49.17686 -58.41475 .44444
2 -123.31180 49.17665 -57.86908 .45833
2 -123.31097 49.17644 -57.32341 .47222
2 -123.31030 49.17585 -57.23437 .48611
2 -123.30980 49.17490 -57.60196 .50000
2 -123.30929 49.17397 -57.64885 .51389
2 -123.30880 49.17285 -57.00789 .52778
2 -123.30833 49.17152 -56.18364 .54167
2 -123.30787 49.17019 -55.35939 .55556
2 -123.30715 49.16879 -54.44467 .56944
2 -123.30633 49.16726 -53.53725 .58333
2 -123.30551 49.16573 -52.62984 .59722
2 -123.30542 49.16393 -52.03917 .61111
2 -123.30588 49.16238 -51.73969 .62500
2 -123.30648 49.16094 -51.52922 .63889
2 -123.30698 49.15943 -50.74792 .65278
2 -123.30734 49.15734 -50.08817 .66667
2 -123.30763 49.15507 -49.23591 .68056
2 -123.30798 49.15308 -48.74173 .69444
2 -123.30835 49.15138 -48.65029 .70833
2 -123.30878 49.14966 -48.97459 .72222
2 -123.30939 49.14839 -49.74332 .73611
2 -123.31018 49.14757 -50.77613 .75000
2 -123.31058 49.14690 -51.77816 .76389
2 -123.31088 49.14665 -52.51039 .77778
2 -123.31116 49.14678 -52.97964 .79167
2 -123.31144 49.14690 -53.44889 .80556
2 -123.31154 49.14734 -53.42803 .81944
2 -123.31148 49.14810 -52.88229 .83333
2 -123.31144 49.14887 -52.25358 .84722
2 -123.31125 49.14991 -51.08375 .86111
2 -123.31091 49.15095 -49.35971 .87500
2 -123.31057 49.15198 -47.63468 .88889
2 -123.31040 49.15304 -46.46725 .90278
2 -123.31054 49.15414 -45.21691 .91667
2 -123.31075 49.15522 -43.85394 .93056
3 -123.30807 49.19026 -77.00977 .00000
3 -123.30818 49.19048 -77.96359 .01389
3 -123.30828 49.19061 -79.08969 .02778
3 -123.30838 49.19065 -80.38804 .04167
3 -123.30812 49.19028 -81.14311 .05556
3 -123.30781 49.18951 -83.20457 .06944
3 -123.30769 49.18865 -86.69102 .08333
3 -123.30826 49.18854 -90.12524 .09722
3 -123.30867 49.18837 -92.57168 .11111
3 -123.30887 49.18805 -94.03485 .12500
3 -123.30906 49.18773 -95.49803 .13889
3 -123.30895 49.18743 -95.79533 .15278
3 -123.30851 49.18714 -94.92676 .16667
3 -123.30808 49.18685 -94.05820 .18056
3 -123.30765 49.18664 -93.66131 .19444
3 -123.30722 49.18651 -93.73609 .20833
3 -123.30679 49.18639 -93.81088 .22222
3 -123.30636 49.18636 -93.32175 .23611
3 -123.30594 49.18643 -92.26870 .25000
3 -123.30552 49.18649 -91.21566 .26389
3 -123.30510 49.18647 -89.33226 .27778
3 -123.30471 49.18636 -86.86334 .29167
3 -123.30452 49.18621 -86.82236 .30556
3 -123.30438 49.18597 -86.84120 .31944
3 -123.30469 49.18609 -86.67973 .33333
3 -123.30508 49.18625 -86.56779 .34722
3 -123.30562 49.18633 -86.60321 .36111
3 -123.30622 49.18637 -86.48828 .37500
3 -123.30682 49.18640 -86.37336 .38889
3 -123.30742 49.18637 -86.40639 .40278
3 -123.30803 49.18628 -86.58740 .41667
3 -123.30863 49.18619 -86.76840 .43056
3 -123.30905 49.18580 -87.62182 .44444
3 -123.30925 49.18506 -89.12501 .45833
3 -123.30945 49.18432 -90.07811 .47222
3 -123.30978 49.18364 -90.09231 .48611
3 -123.31017 49.18296 -89.68587 .50000
3 -123.31055 49.18227 -89.27944 .51389
3 -123.31084 49.18152 -89.22792 .52778
3 -123.31104 49.18070 -89.53130 .54167
3 -123.31123 49.17987 -89.83469 .55556
3 -123.31128 49.17904 -89.98238 .56944
3 -123.31127 49.17818 -89.91906 .58333
3 -123.31115 49.17715 -88.55618 .59722
3 -123.31074 49.17614 -86.44636 .61111
3 -123.30960 49.17495 -83.82525 .62500
3 -123.30870 49.17366 -82.24243 .63889
3 -123.30806 49.17253 -81.25285 .65278
3 -123.30749 49.17164 -80.10323 .66667
3 -123.30691 49.17074 -78.95360 .68056
3 -123.30652 49.17022 -78.28792 .69444
3 -123.30637 49.17005 -78.12135 .70833
3 -123.30621 49.16988 -77.95477 .72222
3 -123.30617 49.17006 -77.97115 .73611
3 -123.30623 49.17062 -77.87885 .75000
3 -123.30625 49.17118 -77.43165 .76389
3 -123.30643 49.17188 -77.04519 .77778
3 -123.30676 49.17272 -76.71945 .79167
3 -123.30743 49.17398 -77.75716 .80556
3 -123.30823 49.17543 -78.17717 .81944
3 -123.30904 49.17695 -77.34165 .83333
3 -123.30984 49.17847 -76.50612 .84722
3 -123.31054 49.18009 -76.07986 .86111
3 -123.31112 49.18179 -76.04726 .87500
3 -123.31171 49.18349 -76.01466 .88889
4 -123.30807 49.19026 -45.04105 .00000
4 -123.30863 49.18869 -46.89941 .01389
4 -123.30931 49.18729 -49.82740 .02778
4 -123.30999 49.18596 -53.88223 .04167
4 -123.31062 49.18461 -57.63644 .05556
4 -123.31145 49.18357 -59.88187 .06944
4 -123.31241 49.18282 -61.30157 .08333
4 -123.31338 49.18208 -62.72127 .09722
4 -123.31416 49.18155 -63.15502 .11111
4 -123.31472 49.18119 -62.95473 .12500
4 -123.31527 49.18083 -62.78484 .13889
4 -123.31582 49.18056 -62.47084 .15278
4 -123.31637 49.18041 -62.01274 .16667
4 -123.31692 49.18025 -61.55465 .18056
4 -123.31759 49.18039 -61.08287 .19444
4 -123.31838 49.18082 -60.59741 .20833
4 -123.31916 49.18123 -60.17985 .22222
4 -123.31992 49.18169 -60.29882 .23611
4 -123.32068 49.18221 -60.72710 .25000
4 -123.32144 49.18274 -61.15537 .26389
4 -123.32200 49.18327 -60.95835 .27778
4 -123.32236 49.18380 -60.13605 .29167
4 -123.32272 49.18433 -59.31374 .30556
4 -123.32283 49.18467 -57.96329 .31944
4 -123.32269 49.18483 -56.08470 .33333
4 -123.32255 49.18498 -54.20611 .34722
4 -123.32250 49.18486 -53.26595 .36111
4 -123.32238 49.18452 -52.69366 .37500
4 -123.32226 49.18419 -52.12137 .38889
4 -123.32215 49.18353 -51.96032 .40278
4 -123.32205 49.18253 -52.09964 .41667
4 -123.32193 49.18149 -51.85285 .43056
4 -123.32167 49.18013 -51.27990 .44444
4 -123.32143 49.17816 -50.66652 .45833
4 -123.32134 49.17591 -50.04523 .47222
4 -123.32141 49.17346 -49.53065 .48611
4 -123.32164 49.17081 -49.28358 .50000
4 -123.32206 49.16818 -48.99096 .51389
4 -123.32266 49.16555 -48.69258 .52778
4 -123.32347 49.16290 -48.30821 .54167
4 -123.32443 49.16024 -47.69974 .55556
4 -123.32546 49.15773 -47.37175 .56944
4 -123.32657 49.15532 -47.70706 .58333
4 -123.32782 49.15299 -48.63372 .59722
4 -123.32906 49.15088 -48.85244 .61111
4 -123.33030 49.14915 -49.29523 .62500
4 -123.33155 49.14741 -49.73802 .63889
4 -123.33266 49.14627 -50.25085 .65278
4 -123.33365 49.14568 -50.93415 .66667
4 -123.33429 49.14483 -51.64086 .68056
4 -123.33486 49.14445 -51.47439 .69444
4 -123.33555 49.14461 -50.86883 .70833
4 -123.33646 49.14510 -50.48723 .72222
4 -123.33730 49.14584 -49.27893 .73611
4 -123.33806 49.14681 -47.24394 .75000
4 -123.33882 49.14778 -45.20895 .76389
4 -123.33972 49.14885 -43.74300 .77778
4 -123.34072 49.14998 -42.71460 .79167
4 -123.34172 49.15111 -41.68621 .80556
4 -123.34292 49.15224 -41.40602 .81944
4 -123.34425 49.15338 -41.72260 .83333
4 -123.34557 49.15452 -42.04797 .84722
5 -123.30807 49.19026 -59.00765 .00000
5 -123.30875 49.18898 -62.75297 .01389
5 -123.30959 49.18795 -65.44160 .02778
5 -123.31058 49.18716 -67.07296 .04167
5 -123.31087 49.18626 -68.66192 .05556
5 -123.31108 49.18552 -69.20396 .06944
5 -123.31123 49.18496 -68.82243 .08333
5 -123.31138 49.18441 -68.44090 .09722
5 -123.31165 49.18403 -68.05907 .11111
5 -123.31205 49.18382 -67.67695 .12500
5 -123.31244 49.18362 -67.29484 .13889
5 -123.31302 49.18361 -67.68063 .15278
5 -123.31377 49.18381 -68.83432 .16667
5 -123.31452 49.18400 -69.98802 .18056
5 -123.31513 49.18420 -70.43735 .19444
5 -123.31560 49.18441 -70.18233 .20833
5 -123.31608 49.18462 -69.92730 .22222
5 -123.31653 49.18479 -69.61010 .23611
5 -123.31697 49.18491 -69.23073 .25000
5 -123.31740 49.18503 -68.70503 .26389
5 -123.31782 49.18501 -67.40069 .27778
5 -123.31768 49.18516 -65.37670 .29167
5 -123.31746 49.18544 -63.57772 .30556
5 -123.31716 49.18558 -62.79564 .31944
5 -123.31662 49.18538 -62.15277 .33333
5 -123.31608 49.18517 -61.50991 .34722
5 -123.31547 49.18461 -60.25247 .36111
5 -123.31478 49.18368 -58.38047 .37500
5 -123.31410 49.18276 -56.56554 .38889
5 -123.31357 49.18147 -55.18139 .40278
5 -123.31319 49.17977 -54.14379 .41667
5 -123.31281 49.17805 -53.40146 .43056
5 -123.31243 49.17621 -52.55198 .44444
5 -123.31216 49.17420 -51.79725 .45833
5 -123.31186 49.17230 -51.00447 .47222
5 -123.31201 49.16990 -50.03239 .48611
5 -123.31214 49.16726 -49.02838 .50000
5 -123.31219 49.16466 -48.25481 .51389
5 -123.31241 49.16215 -47.43856 .52778
5 -123.31284 49.15977 -46.56519 .54167
5 -123.31327 49.15740 -45.70657 .55556
5 -123.31378 49.15528 -45.39959 .56944
5 -123.31434 49.15332 -45.39580 .58333
5 -123.31487 49.15139 -45.50166 .59722
5 -123.31542 49.15006 -46.82025 .61111
5 -123.31603 49.14926 -49.11307 .62500
5 -123.31661 49.14849 -51.42916 .63889
5 -123.31687 49.14826 -52.79437 .65278
5 -123.31696 49.14838 -53.11142 .66667
5 -123.31705 49.14851 -53.42848 .68056
5 -123.31699 49.14891 -52.89917 .69444
5 -123.31677 49.14959 -51.52349 .70833
5 -123.31656 49.15029 -50.05019 .72222
5 -123.31637 49.15120 -48.37538 .73611
5 -123.31651 49.15219 -46.37284 .75000
5 -123.31656 49.15308 -44.49099 .76389
5 -123.31668 49.15399 -43.31994 .77778
5 -123.31692 49.15496 -42.81785 .79167
5 -123.31715 49.15592 -42.31576 .80556
6 -123.30807 49.19026 -77.00977 .00000
6 -123.30824 49.18938 -78.38348 .01389
6 -123.30831 49.18864 -78.32611 .02778
6 -123.30828 49.18805 -76.83767 .04167
6 -123.30825 49.18746 -75.34922 .05556
6 -123.30829 49.18701 -74.54673 .06944
6 -123.30842 49.18669 -74.43022 .08333
6 -123.30854 49.18637 -74.31370 .09722
6 -123.30884 49.18628 -74.48566 .11111
6 -123.30931 49.18640 -74.94611 .12500
6 -123.30979 49.18653 -75.40656 .13889
6 -123.31023 49.18662 -75.12785 .15278
6 -123.31066 49.18669 -74.10997 .16667
6 -123.31108 49.18675 -73.09209 .18056
6 -123.31162 49.18681 -72.90024 .19444
6 -123.31227 49.18685 -73.08730 .20833
6 -123.31292 49.18689 -72.86987 .22222
6 -123.31351 49.18683 -72.32894 .23611
6 -123.31404 49.18666 -71.46451 .25000
6 -123.31457 49.18650 -70.60008 .26389
6 -123.31506 49.18629 -69.92603 .27778
6 -123.31552 49.18604 -69.44235 .29167
6 -123.31597 49.18579 -68.95867 .30556
6 -123.31627 49.18551 -67.77715 .31944
6 -123.31591 49.18482 -65.81910 .33333
6 -123.31522 49.18389 -63.81162 .34722
6 -123.31466 49.18259 -61.81760 .36111
6 -123.31428 49.18087 -60.63600 .37500
6 -123.31391 49.17915 -59.88460 .38889
6 -123.31358 49.17725 -59.41848 .40278
6 -123.31329 49.17523 -59.17292 .41667
6 -123.31299 49.17320 -58.92737 .43056
6 -123.31292 49.17118 -58.71065 .44444
6 -123.31312 49.16895 -57.74676 .45833
6 -123.31306 49.16693 -56.85569 .47222
6 -123.31286 49.16520 -55.85720 .48611
6 -123.31278 49.16351 -54.69153 .50000
6 -123.31281 49.16165 -53.55917 .51389
6 -123.31311 49.16014 -52.94604 .52778
6 -123.31361 49.15898 -52.85765 .54167
6 -123.31410 49.15781 -52.76927 .55556
6 -123.31457 49.15671 -53.42899 .56944
6 -123.31515 49.15601 -54.97464 .58333
6 -123.31572 49.15530 -56.52028 .59722
6 -123.31624 49.15494 -58.13357 .61111
6 -123.31669 49.15493 -59.81450 .62500
6 -123.31715 49.15492 -61.49543 .63889
6 -123.31740 49.15512 -62.15326 .65278
6 -123.31745 49.15552 -61.78799 .66667
6 -123.31749 49.15593 -61.42272 .68056
6 -123.31764 49.15650 -60.41744 .69444
6 -123.31783 49.15731 -59.28214 .70833
6 -123.31801 49.15811 -58.14685 .72222
6 -123.31816 49.15905 -56.99458 .73611
6 -123.31829 49.16013 -55.82535 .75000
6 -123.31844 49.16118 -54.59781 .76389
7 -123.30807 49.19026 -45.04105 .00000
7 -123.30897 49.19082 -44.26784 .01389
7 -123.30957 49.19156 -43.91627 .02778
7 -123.30994 49.19259 -44.01555 .04167
7 -123.31061 49.19406 -44.21909 .05556
7 -123.31116 49.19534 -43.73429 .06944
7 -123.31148 49.19649 -42.69225 .08333
7 -123.31180 49.19765 -41.65021 .09722
7 -123.31218 49.19891 -40.80145 .11111
7 -123.31285 49.20010 -39.84711 .12500
7 -123.31335 49.20155 -38.83752 .13889
7 -123.31293 49.20360 -38.32869 .15278
7 -123.31227 49.20529 -38.67692 .16667
7 -123.31166 49.20694 -38.97127 .18056
7 -123.31107 49.20853 -39.24434 .19444
7 -123.31061 49.21013 -39.64010 .20833
7 -123.31055 49.21163 -39.95763 .22222
7 -123.31028 49.21275 -39.58681 .23611
7 -123.30952 49.21338 -38.59758 .25000
7 -123.30854 49.21390 -37.66372 .26389
7 -123.30772 49.21445 -36.54635 .27778
7 -123.30703 49.21490 -35.23617 .29167
7 -123.30633 49.21535 -33.92598 .30556
7 -123.30565 49.21546 -33.15594 .31944
7 -123.30498 49.21523 -32.92603 .33333
7 -123.30430 49.21499 -32.69612 .34722
7 -123.30389 49.21469 -32.74765 .36111
7 -123.30374 49.21432 -33.08064 .37500
7 -123.30359 49.21395 -33.41363 .38889
7 -123.30364 49.21352 -33.56053 .40278
7 -123.30388 49.21302 -33.52135 .41667
7 -123.30413 49.21252 -33.48217 .43056
7 -123.30426 49.21206 -33.02442 .44444
7 -123.30414 49.21170 -32.08688 .45833
7 -123.30402 49.21134 -31.14934 .47222
7 -123.30421 49.21083 -30.24980 .48611
7 -123.30421 49.21029 -29.30116 .50000
7 -123.30421 49.20976 -28.35251 .51389
7 -123.30406 49.20929 -27.65433 .52778
7 -123.30379 49.20896 -26.98399 .54167
7 -123.30352 49.20863 -26.31364 .55556
7 -123.30339 49.20826 -25.67838 .56944
7 -123.30342 49.20780 -25.08563 .58333
7 -123.30346 49.20734 -24.49878 .59722
7 -123.30379 49.20668 -24.34984 .61111
7 -123.30391 49.20605 -24.32962 .62500
7 -123.30403 49.20542 -24.30941 .63889
7 -123.30407 49.20482 -24.60519 .65278
7 -123.30403 49.20425 -25.21696 .66667
7 -123.30400 49.20369 -25.82874 .68056
7 -123.30405 49.20348 -26.78425 .69444
7 -123.30413 49.20339 -28.00267 .70833
7 -123.30420 49.20330 -29.22109 .72222
8 -123.30807 49.19026 -59.00765 .00000
8 -123.30845 49.19004 -58.43969 .01389
8 -123.30893 49.19019 -58.01426 .02778
8 -123.30942 49.19069 -57.47899 .04167
8 -123.30992 49.19119 -56.94372 .05556
8 -123.31036 49.19190 -56.54464 .06944
8 -123.31077 49.19281 -56.28174 .08333
8 -123.31117 49.19372 -56.01884 .09722
8 -123.31173 49.19468 -55.68804 .11111
8 -123.31246 49.19567 -55.31069 .12500
8 -123.31319 49.19667 -54.93334 .13889
8 -123.31384 49.19750 -54.68405 .15278
8 -123.31440 49.19815 -54.56283 .16667
8 -123.31487 49.19869 -54.72722 .18056
8 -123.31536 49.19899 -54.58300 .19444
8 -123.31570 49.19886 -54.39205 .20833
8 -123.31592 49.19858 -54.41657 .22222
8 -123.31612 49.19809 -54.21759 .23611
8 -123.31629 49.19738 -53.95586 .25000
8 -123.31642 49.19668 -54.15766 .26389
8 -123.31647 49.19575 -54.02123 .27778
8 -123.31644 49.19458 -53.54658 .29167
8 -123.31641 49.19341 -53.07193 .30556
8 -123.31634 49.19206 -52.25027 .31944
8 -123.31620 49.19042 -51.05326 .33333
8 -123.31577 49.18836 -49.94023 .34722
8 -123.31555 49.18613 -49.35754 .36111
8 -123.31556 49.18376 -49.21617 .37500
8 -123.31554 49.18124 -49.23059 .38889
8 -123.31566 49.17875 -48.76411 .40278
8 -123.31590 49.17634 -48.04033 .41667
8 -123.31622 49.17385 -47.06277 .43056
8 -123.31654 49.17154 -45.85900 .44444
8 -123.31701 49.16935 -44.83078 .45833
8 -123.31757 49.16718 -43.90656 .47222
8 -123.31812 49.16534 -43.37214 .48611
8 -123.31864 49.16382 -43.19038 .50000
8 -123.31917 49.16232 -43.05338 .51389
8 -123.31983 49.16129 -43.81128 .52778
8 -123.32062 49.16073 -45.42603 .54167
8 -123.32140 49.16016 -47.04078 .55556
8 -123.32205 49.16004 -47.72426 .56944
8 -123.32256 49.16036 -47.47648 .58333
8 -123.32306 49.16068 -47.22870 .59722
8 -123.32353 49.16117 -46.42578 .61111
8 -123.32396 49.16183 -45.06771 .62500
8 -123.32438 49.16249 -43.70964 .63889
8 -123.32499 49.16327 -42.54115 .65278
8 -123.32576 49.16416 -41.61645 .66667
8 -123.32652 49.16504 -40.70745 .68056
9 -123.30807 49.19026 -77.00977 .00000
9 -123.30876 49.19050 -77.74893 .01389
9 -123.30941 49.19077 -78.01970 .02778
9 -123.31003 49.19107 -77.82208 .04167
9 -123.31065 49.19137 -77.62446 .05556
9 -123.31126 49.19159 -77.62726 .06944
9 -123.31187 49.19172 -77.83047 .08333
9 -123.31247 49.19185 -78.03368 .09722
9 -123.31299 49.19187 -77.83422 .11111
9 -123.31342 49.19178 -77.23208 .12500
9 -123.31385 49.19169 -76.62993 .13889
9 -123.31420 49.19146 -76.20727 .15278
9 -123.31446 49.19111 -75.96408 .16667
9 -123.31472 49.19076 -75.72090 .18056
9 -123.31485 49.19022 -75.26594 .19444
9 -123.31491 49.18957 -74.42583 .20833
9 -123.31497 49.18892 -73.58573 .22222
9 -123.31497 49.18821 -72.45819 .23611
9 -123.31487 49.18752 -70.69570 .25000
9 -123.31471 49.18691 -68.41255 .26389
9 -123.31449 49.18575 -66.41437 .27778
9 -123.31422 49.18377 -64.72222 .29167
9 -123.31402 49.18174 -63.88241 .30556
9 -123.31390 49.17952 -64.02580 .31944
9 -123.31385 49.17728 -64.22627 .33333
9 -123.31382 49.17508 -64.17874 .34722
9 -123.31385 49.17297 -63.81955 .36111
9 -123.31430 49.17080 -63.06297 .37500
9 -123.31480 49.16862 -62.30300 .38889
9 -123.31521 49.16680 -61.61989 .40278
9 -123.31512 49.16536 -60.98525 .41667
9 -123.31504 49.16392 -60.34971 .43056
9 -123.31509 49.16284 -59.82707 .44444
9 -123.31528 49.16212 -59.41731 .45833
9 -123.31549 49.16144 -59.73780 .47222
9 -123.31573 49.16106 -60.49779 .48611
9 -123.31596 49.16094 -61.41181 .50000
9 -123.31620 49.16083 -62.32584 .51389
9 -123.31630 49.16091 -63.06721 .52778
9 -123.31627 49.16120 -63.63594 .54167
9 -123.31624 49.16149 -64.20467 .55556
9 -123.31633 49.16193 -63.92061 .56944
9 -123.31646 49.16256 -63.15351 .58333
9 -123.31659 49.16319 -62.38642 .59722
9 -123.31663 49.16401 -61.44730 .61111
9 -123.31659 49.16501 -60.33616 .62500
9 -123.31655 49.16600 -59.22503 .63889
10 -123.30807 49.19026 -45.04105 .00000
10 -123.30834 49.19203 -43.73193 .01389
10 -123.30829 49.19369 -42.48976 .02778
10 -123.30792 49.19523 -41.31452 .04167
10 -123.30764 49.19663 -41.00347 .05556
10 -123.30770 49.19818 -41.20538 .06944
10 -123.30849 49.20051 -42.28410 .08333
10 -123.30872 49.20257 -42.46434 .09722
10 -123.30871 49.20420 -42.43826 .11111
10 -123.30846 49.20539 -42.20587 .12500
10 -123.30807 49.20661 -41.92353 .13889
10 -123.30774 49.20771 -41.02422 .15278
10 -123.30729 49.20837 -39.53906 .16667
10 -123.30706 49.20899 -37.86969 .18056
10 -123.30686 49.20925 -36.73726 .19444
10 -123.30662 49.20917 -36.21446 .20833
10 -123.30637 49.20910 -35.69167 .22222
10 -123.30639 49.20884 -35.59080 .23611
10 -123.30668 49.20840 -35.91188 .25000
10 -123.30697 49.20796 -36.23295 .26389
10 -123.30760 49.20740 -36.24438 .27778
10 -123.30857 49.20671 -35.94276 .29167
10 -123.30863 49.20493 -35.30268 .30556
10 -123.30855 49.20344 -34.44642 .31944
10 -123.30872 49.20210 -33.47997 .33333
10 -123.30889 49.20076 -32.51351 .34722
10 -123.30924 49.19963 -31.84902 .36111
10 -123.30937 49.19828 -31.50948 .37500
10 -123.30949 49.19691 -31.17297 .38889
10 -123.30984 49.19545 -30.73597 .40278
10 -123.30999 49.19424 -30.27968 .41667
10 -123.30972 49.19319 -29.94971 .43056
10 -123.30956 49.19243 -29.74599 .44444
10 -123.30950 49.19197 -29.66851 .45833
10 -123.30942 49.19145 -29.21932 .47222
10 -123.30942 49.19115 -29.04771 .48611
10 -123.30952 49.19106 -29.18625 .50000
10 -123.30962 49.19097 -29.32480 .51389
10 -123.30943 49.19103 -29.90086 .52778
10 -123.30895 49.19123 -30.91442 .54167
10 -123.30930 49.19171 -32.36408 .55556
10 -123.30967 49.19230 -33.23076 .56944
10 -123.30994 49.19297 -33.52675 .58333
10 -123.31021 49.19364 -33.82274 .59722
11 -123.30807 49.19026 -59.00765 .00000
11 -123.30900 49.19221 -58.70790 .01389
11 -123.30955 49.19403 -58.21591 .02778
11 -123.30993 49.19544 -57.78921 .04167
11 -123.31048 49.19660 -57.59216 .05556
11 -123.31072 49.19750 -57.40219 .06944
11 -123.31065 49.19814 -57.21929 .08333
11 -123.31057 49.19878 -57.03639 .09722
11 -123.31016 49.19915 -56.75582 .11111
11 -123.30941 49.19925 -56.37756 .12500
11 -123.30841 49.19916 -55.35158 .13889
11 -123.30732 49.19846 -53.27581 .15278
11 -123.30647 49.19738 -50.90181 .16667
11 -123.30676 49.19733 -48.60979 .18056
11 -123.30694 49.19703 -47.26389 .19444
11 -123.30655 49.19589 -46.67793 .20833
11 -123.30658 49.19452 -46.23889 .22222
11 -123.30664 49.19313 -45.70570 .23611
11 -123.30674 49.19172 -45.07835 .25000
11 -123.30688 49.19034 -44.30443 .26389
11 -123.30713 49.18890 -43.40024 .27778
11 -123.30726 49.18715 -42.82334 .29167
11 -123.30740 49.18540 -42.24644 .30556
11 -123.30777 49.18370 -42.11841 .31944
11 -123.30806 49.18206 -41.79692 .33333
11 -123.30821 49.18029 -41.16198 .34722
11 -123.30833 49.17880 -40.43389 .36111
11 -123.30849 49.17755 -39.60957 .37500
11 -123.30852 49.17626 -38.77824 .38889
11 -123.30864 49.17517 -37.70693 .40278
11 -123.30910 49.17440 -37.19700 .41667
11 -123.30946 49.17366 -37.02055 .43056
11 -123.30999 49.17339 -37.34798 .44444
11 -123.31070 49.17358 -38.17931 .45833
11 -123.31138 49.17372 -39.43284 .47222
11 -123.31204 49.17378 -40.61297 .48611
11 -123.31283 49.17411 -40.98138 .50000
11 -123.31362 49.17444 -41.34979 .51389
11 -123.31441 49.17493 -41.27346 .52778
11 -123.31522 49.17559 -40.75240 .54167
11 -123.31602 49.17625 -40.23133 .55556
12 -123.30807 49.19026 -77.00977 .00000
12 -123.30857 49.19013 -76.38947 .01389
12 -123.30906 49.18990 -75.95961 .02778
12 -123.30944 49.18960 -75.78491 .04167
12 -123.30982 49.18931 -75.61021 .05556
12 -123.31011 49.18889 -75.65309 .06944
12 -123.31030 49.18834 -75.91356 .08333
12 -123.31050 49.18779 -76.17402 .09722
12 -123.31057 49.18726 -75.10486 .11111
12 -123.31050 49.18675 -72.70608 .12500
12 -123.31043 49.18623 -70.30730 .13889
12 -123.31036 49.18569 -67.81162 .15278
12 -123.31015 49.18416 -65.59827 .16667
12 -123.30991 49.18216 -65.43299 .18056
12 -123.30984 49.18020 -65.40416 .19444
12 -123.30997 49.17837 -65.21787 .20833
12 -123.31011 49.17659 -64.80487 .22222
12 -123.31011 49.17452 -64.45862 .23611
12 -123.31057 49.17264 -64.53245 .25000
12 -123.31114 49.17078 -64.81093 .26389
12 -123.31173 49.16899 -64.51496 .27778
12 -123.31195 49.16761 -64.07274 .29167
12 -123.31184 49.16643 -63.69589 .30556
12 -123.31184 49.16566 -63.57640 .31944
12 -123.31196 49.16532 -63.71429 .33333
12 -123.31207 49.16497 -63.85217 .34722
12 -123.31217 49.16490 -64.06898 .36111
12 -123.31225 49.16510 -64.36470 .37500
12 -123.31233 49.16531 -64.66042 .38889
12 -123.31238 49.16564 -64.69273 .40278
12 -123.31240 49.16609 -64.46165 .41667
12 -123.31242 49.16655 -64.23056 .43056
12 -123.31242 49.16717 -63.65855 .44444
12 -123.31239 49.16797 -62.74562 .45833
12 -123.31277 49.16858 -62.30108 .47222
12 -123.31315 49.16932 -61.78775 .48611
12 -123.31341 49.17022 -61.08877 .50000
12 -123.31367 49.17111 -60.38979 .51389
13 -123.30807 49.19026 -45.04105 .00000
13 -123.30855 49.19069 -44.81915 .01389
13 -123.30895 49.19071 -44.69329 .02778
13 -123.30924 49.19031 -44.66346 .04167
13 -123.30954 49.18991 -44.63364 .05556
13 -123.30949 49.18924 -44.16582 .06944
13 -123.30906 49.18830 -43.25941 .08333
13 -123.30864 49.18737 -42.35300 .09722
13 -123.30831 49.18605 -41.97599 .11111
13 -123.30815 49.18442 -41.83294 .12500
13 -123.30810 49.18287 -41.28911 .13889
13 -123.30803 49.18090 -40.72146 .15278
13 -123.30808 49.17880 -39.83979 .16667
13 -123.30821 49.17673 -38.70079 .18056
13 -123.30837 49.17473 -37.89930 .19444
13 -123.30880 49.17252 -37.74485 .20833
13 -123.30922 49.17030 -37.59412 .22222
13 -123.30955 49.16825 -36.92012 .23611
13 -123.30986 49.16628 -35.84317 .25000
13 -123.31017 49.16431 -34.77338 .26389
13 -123.31035 49.16265 -34.63866 .27778
13 -123.31043 49.16132 -35.15078 .29167
13 -123.31064 49.16011 -35.47695 .30556
13 -123.31090 49.15949 -36.38135 .31944
13 -123.31122 49.15944 -37.88066 .33333
13 -123.31154 49.15930 -39.39390 .34722
13 -123.31176 49.15907 -40.20042 .36111
13 -123.31187 49.15918 -40.23415 .37500
13 -123.31199 49.15929 -40.26788 .38889
13 -123.31218 49.15970 -39.72902 .40278
13 -123.31214 49.16072 -38.60944 .41667
13 -123.31171 49.16210 -37.47997 .43056
13 -123.31150 49.16350 -36.51674 .44444
13 -123.31167 49.16479 -35.47196 .45833
13 -123.31185 49.16609 -34.42719 .47222
14 -123.30807 49.19026 -59.00765 .00000
14 -123.30879 49.19112 -58.79941 .01389
14 -123.30893 49.19087 -57.91506 .02778
14 -123.30800 49.18957 -56.10316 .04167
14 -123.30653 49.18847 -54.06106 .05556
14 -123.30642 49.18844 -54.21159 .06944
14 -123.30575 49.18708 -53.62977 .08333
14 -123.30440 49.18571 -52.98741 .09722
14 -123.30321 49.18524 -52.24274 .11111
14 -123.30240 49.18460 -51.15443 .12500
14 -123.30240 49.18321 -50.13841 .13889
14 -123.30254 49.18161 -49.80098 .15278
14 -123.30248 49.18024 -49.62625 .16667
14 -123.30242 49.17887 -49.45152 .18056
14 -123.30247 49.17761 -48.88920 .19444
14 -123.30269 49.17646 -48.07184 .20833
14 -123.30292 49.17514 -47.50693 .22222
14 -123.30311 49.17404 -47.17096 .23611
14 -123.30333 49.17321 -47.08212 .25000
14 -123.30354 49.17237 -46.99327 .26389
14 -123.30378 49.17190 -46.56019 .27778
14 -123.30405 49.17180 -45.78290 .29167
14 -123.30432 49.17170 -45.00560 .30556
14 -123.30470 49.17182 -45.25941 .31944
14 -123.30517 49.17218 -46.54432 .33333
14 -123.30565 49.17254 -47.82923 .34722
14 -123.30620 49.17297 -48.44496 .36111
14 -123.30684 49.17349 -48.39152 .37500
14 -123.30748 49.17402 -48.33808 .38889
14 -123.30805 49.17476 -48.11648 .40278
14 -123.30884 49.17555 -48.00235 .41667
14 -123.30965 49.17633 -47.90869 .43056
15 -123.30807 49.19026 -77.00977 .00000
15 -123.30821 49.18936 -75.31127 .01389
15 -123.30832 49.18851 -73.73815 .02778
15 -123.30840 49.18770 -72.29042 .04167
15 -123.30847 49.18690 -70.84269 .05556
15 -123.30849 49.18616 -68.80584 .06944
15 -123.30846 49.18510 -66.13216 .08333
15 -123.30833 49.18338 -63.06052 .09722
15 -123.30836 49.18166 -61.56703 .11111
15 -123.30858 49.17993 -61.66687 .12500
15 -123.30868 49.17839 -61.06425 .13889
15 -123.30892 49.17710 -60.24935 .15278
15 -123.30932 49.17606 -59.28974 .16667
15 -123.30951 49.17471 -58.57118 .18056
15 -123.30981 49.17371 -57.97761 .19444
15 -123.31022 49.17311 -57.59260 .20833
15 -123.31063 49.17252 -57.20758 .22222
15 -123.31103 49.17231 -56.84140 .23611
15 -123.31144 49.17249 -56.49404 .25000
15 -123.31184 49.17266 -56.14668 .26389
15 -123.31225 49.17300 -56.46797 .27778
15 -123.31261 49.17353 -57.28314 .29167
15 -123.31290 49.17406 -57.94493 .30556
15 -123.31323 49.17471 -58.41239 .31944
15 -123.31359 49.17546 -58.68551 .33333
15 -123.31395 49.17621 -58.95864 .34722
15 -123.31418 49.17698 -58.73840 .36111
15 -123.31429 49.17777 -58.02357 .37500
15 -123.31454 49.17849 -57.29155 .38889
16 -123.30807 49.19026 -45.04105 .00000
16 -123.30780 49.18865 -45.01709 .01389
16 -123.30771 49.18689 -44.96818 .02778
16 -123.30781 49.18500 -44.81459 .04167
16 -123.30799 49.18315 -44.05630 .05556
16 -123.30813 49.18115 -43.45515 .06944
16 -123.30830 49.17910 -42.99167 .08333
16 -123.30851 49.17714 -42.53994 .09722
16 -123.30886 49.17536 -41.99081 .11111
16 -123.30895 49.17350 -41.23093 .12500
16 -123.30891 49.17171 -40.70438 .13889
16 -123.30901 49.17024 -40.19064 .15278
16 -123.30932 49.16909 -39.63976 .16667
16 -123.30988 49.16778 -38.89300 .18056
16 -123.31032 49.16671 -39.04745 .19444
16 -123.31094 49.16606 -39.92186 .20833
16 -123.31157 49.16540 -40.79197 .22222
16 -123.31225 49.16504 -41.59208 .23611
16 -123.31298 49.16497 -42.32219 .25000
16 -123.31372 49.16491 -42.98244 .26389
16 -123.31449 49.16519 -42.50498 .27778
16 -123.31522 49.16572 -41.28225 .29167
16 -123.31595 49.16626 -40.05952 .30556
16 -123.31661 49.16699 -38.90804 .31944
16 -123.31695 49.16800 -37.88399 .33333
16 -123.31728 49.16901 -36.85995 .34722
17 -123.30807 49.19026 -59.00765 .00000
17 -123.30772 49.18859 -57.43967 .01389
17 -123.30767 49.18703 -56.32396 .02778
17 -123.30791 49.18558 -55.66054 .04167
17 -123.30809 49.18418 -54.98914 .05556
17 -123.30833 49.18298 -54.48775 .06944
17 -123.30860 49.18176 -53.98895 .08333
17 -123.30884 49.18047 -53.43311 .09722
17 -123.30914 49.17955 -52.46260 .11111
17 -123.30942 49.17907 -51.96006 .12500
17 -123.30970 49.17859 -51.45753 .13889
17 -123.30999 49.17818 -50.51910 .15278
17 -123.31030 49.17748 -49.14207 .16667
17 -123.31067 49.17680 -48.00015 .18056
17 -123.31121 49.17645 -48.09448 .19444
17 -123.31186 49.17642 -49.20382 .20833
17 -123.31252 49.17638 -50.31316 .22222
17 -123.31318 49.17662 -51.02583 .23611
17 -123.31350 49.17736 -51.34014 .25000
17 -123.31388 49.17808 -51.73329 .26389
17 -123.31429 49.17877 -51.80554 .27778
17 -123.31454 49.17951 -51.32581 .29167
17 -123.31494 49.18022 -50.85167 .30556
18 -123.30807 49.19026 -77.00977 .00000
18 -123.30763 49.18981 -76.40932 .01389
18 -123.30715 49.18950 -75.35067 .02778
18 -123.30665 49.18932 -73.83382 .04167
18 -123.30615 49.18915 -72.31697 .05556
18 -123.30583 49.18922 -70.36225 .06944
18 -123.30569 49.18953 -67.96964 .08333
18 -123.30560 49.18952 -65.32931 .09722
18 -123.30559 49.18965 -62.59252 .11111
18 -123.30563 49.19010 -59.91340 .12500
18 -123.30568 49.19055 -57.23427 .13889
18 -123.30599 49.19141 -55.56778 .15278
18 -123.30661 49.19252 -55.25682 .16667
18 -123.30724 49.19363 -54.94586 .18056
18 -123.30787 49.19486 -56.18696 .19444
18 -123.30854 49.19606 -58.48720 .20833
18 -123.30922 49.19718 -60.47714 .22222
18 -123.30977 49.19825 -62.03887 .23611
18 -123.31020 49.19928 -63.17237 .25000
18 -123.31061 49.20028 -64.04186 .26389
19 -123.30807 49.19026 -45.04105 .00000
19 -123.30784 49.18862 -44.46134 .01389
19 -123.30759 49.18718 -43.85414 .02778
19 -123.30731 49.18592 -43.21944 .04167
19 -123.30725 49.18461 -42.61538 .05556
19 -123.30734 49.18359 -41.43293 .06944
19 -123.30744 49.18290 -39.65198 .08333
19 -123.30776 49.18202 -37.88632 .09722
19 -123.30839 49.18141 -38.08232 .11111
19 -123.30916 49.18117 -39.55749 .12500
19 -123.30974 49.18106 -41.05450 .13889
19 -123.31054 49.18116 -42.26239 .15278
19 -123.31154 49.18148 -43.18117 .16667
19 -123.31255 49.18180 -44.09996 .18056
19 -123.31351 49.18229 -44.58749 .19444
19 -123.31440 49.18295 -44.66755 .20833
19 -123.31514 49.18367 -44.89445 .22222
20 -123.30807 49.19026 -59.00765 .00000
20 -123.30802 49.18961 -57.68757 .01389
20 -123.30810 49.18925 -56.38684 .02778
20 -123.30830 49.18917 -55.10544 .04167
20 -123.30850 49.18909 -53.82405 .05556
20 -123.30891 49.18933 -53.05791 .06944
20 -123.30950 49.18988 -52.69371 .08333
20 -123.30992 49.19046 -51.88971 .09722
20 -123.31048 49.19124 -51.82419 .11111
20 -123.31117 49.19222 -52.49716 .12500
20 -123.31186 49.19320 -53.17012 .13889
20 -123.31237 49.19429 -53.79308 .15278
20 -123.31268 49.19550 -54.39510 .16667
20 -123.31296 49.19667 -54.66327 .18056
21 -123.30807 49.19026 -77.00977 .00000
21 -123.30830 49.19038 -75.46341 .01389
21 -123.30871 49.19084 -74.51029 .02778
21 -123.30930 49.19162 -74.15042 .04167
21 -123.30998 49.19251 -73.69311 .05556
21 -123.31111 49.19389 -74.33376 .06944
21 -123.31221 49.19555 -76.07451 .08333
21 -123.31326 49.19722 -77.75176 .09722
21 -123.31415 49.19892 -78.79972 .11111
21 -123.31480 49.20063 -79.22979 .12500
21 -123.31546 49.20234 -79.65986 .13889
22 -123.30807 49.19026 -45.04105 .00000
22 -123.30845 49.19018 -44.51236 .01389
22 -123.30894 49.19035 -44.67582 .02778
22 -123.30953 49.19077 -45.53141 .04167
22 -123.31012 49.19119 -46.38701 .05556
22 -123.31073 49.19171 -47.08546 .06944
22 -123.31137 49.19233 -47.62676 .08333
22 -123.31200 49.19295 -48.16805 .09722
23 -123.30807 49.19026 -59.00765 .00000
23 -123.30929 49.19188 -62.25114 .01389
23 -123.31014 49.19339 -64.59902 .02778
23 -123.31060 49.19476 -66.08013 .04167
23 -123.31114 49.19619 -67.67413 .05556
24 -123.30807 49.19026 -77.00977 .00000
24 -123.30881 49.19175 -77.55207 .01389
