1 -123.30807 49.19026 -45.04105 .00000
1 -123.30847 49.18926 -43.99208 .01389
1 -123.30889 49.18817 -43.60257 .02778
1 -123.30931 49.18697 -43.87252 .04167
1 -123.30974 49.18578 -44.14246 .05556
1 -123.31018 49.18468 -45.10367 .06944
1 -123.31072 49.18378 -47.25372 .08333
1 -123.31127 49.18288 -49.56529 .09722
1 -123.31165 49.18217 -51.01393 .11111
1 -123.31198 49.18131 -51.62095 .12500
1 -123.31231 49.18044 -52.22798 .13889
1 -123.31257 49.17964 -51.99879 .15278
1 -123.31288 49.17905 -51.45750 .16667
1 -123.31319 49.17848 -50.93337 .18056
1 -123.31352 49.17859 -50.52789 .19444
1 -123.31386 49.17886 -50.23850 .20833
1 -123.31421 49.17912 -49.94911 .22222
1 -123.31461 49.17951 -49.68927 .23611
1 -123.31507 49.18003 -49.45896 .25000
1 -123.31553 49.18055 -49.22866 .26389
1 -123.31596 49.18111 -49.49850 .27778
1 -123.31637 49.18172 -50.26848 .29167
1 -123.31679 49.18230 -51.03527 .30556
1 -123.31722 49.18250 -51.87260 .31944
1 -123.31745 49.18269 -52.77606 .33333
1 -123.31767 49.18287 -53.67952 .34722
1 -123.31764 49.18283 -54.22191 .36111
1 -123.31735 49.18255 -54.40322 .37500
1 -123.31707 49.18228 -54.58452 .38889
1 -123.31666 49.18166 -54.40630 .40278
1 -123.31617 49.18064 -53.61223 .41667
1 -123.31568 49.17962 -52.81816 .43056
1 -123.31528 49.17835 -52.34282 .44444
1 -123.31495 49.17680 -52.10043 .45833
1 -123.31460 49.17525 -51.72752 .47222
1 -123.31442 49.17345 -51.42227 .48611
1 -123.31447 49.17155 -51.23621 .50000
1 -123.31447 49.16963 -51.30307 .51389
1 -123.31452 49.16753 -50.82447 .52778
1 -123.31516 49.16535 -49.62305 .54167
1 -123.31577 49.16309 -48.44014 .55556
1 -123.31650 49.16073 -47.01091 .56944
1 -123.31752 49.15836 -46.38619 .58333
1 -123.31855 49.15601 -45.89467 .59722
1 -123.31976 49.15365 -45.42400 .61111
1 -123.32107 49.15132 -45.11692 .62500
1 -123.32239 49.14899 -44.32086 .63889
1 -123.32375 49.14691 -43.64975 .65278
1 -123.32522 49.14510 -42.89920 .66667
1 -123.32676 49.14334 -42.21528 .68056
1 -123.32820 49.14202 -41.96518 .69444
1 -123.32970 49.14129 -42.22979 .70833
1 -123.33127 49.14054 -42.64290 .72222
1 -123.33266 49.14024 -43.11294 .73611
1 -123.33398 49.14045 -43.40909 .75000
1 -123.33535 49.14075 -43.50658 .76389
1 -123.33654 49.14142 -43.10878 .77778
1 -123.33756 49.14246 -42.21567 .79167
1 -123.33858 49.14352 -41.26254 .80556
1 -123.33956 49.14465 -40.62385 .81944
1 -123.34052 49.14580 -40.49344 .83333
1 -123.34148 49.14695 -40.36304 .84722
1 -123.34235 49.14808 -40.79025 .86111
1 -123.34320 49.14912 -41.78133 .87500
1 -123.34406 49.15017 -42.77241 .88889
1 -123.34490 49.15087 -43.85051 .90278
1 -123.34561 49.15129 -44.97506 .91667
1 -123.34624 49.15175 -46.06881 .93056
1 -123.34692 49.15197 -46.99229 .94444
1 -123.34763 49.15195 -47.74551 .95833
1 -123.34835 49.15193 -48.49873 .97222
2 -123.30807 49.19026 -59.00765 .00000
2 -123.30831 49.18900 -59.28703 .01389
2 -123.30866 49.18780 -60.15118 .02778
2 -123.30912 49.18663 -61.60009 .04167
2 -123.30958 49.18547 -63.04901 .05556
2 -123.30991 49.18437 -64.27821 .06944
2 -123.31029 49.18347 -65.29605 .08333
2 -123.31067 49.18258 -66.31390 .09722
2 -123.31095 49.18177 -66.24015 .11111
2 -123.31114 49.18104 -65.07479 .12500
2 -123.31133 49.18031 -63.90944 .13889
2 -123.31156 49.17971 -63.17640 .15278
2 -123.31182 49.17925 -62.87568 .16667
2 -123.31211 49.17882 -62.37639 .18056
2 -123.31258 49.17857 -61.59642 .19444
2 -123.31317 49.17843 -60.90473 .20833
2 -123.31375 49.17828 -60.21305 .22222
2 -123.31438 49.17825 -60.33633 .23611
2 -123.31505 49.17832 -61.27458 .25000
2 -123.31572 49.17839 -62.21283 .26389
2 -123.31625 49.17850 -63.48808 .27778
2 -123.31664 49.17865 -65.10034 .29167
2 -123.31703 49.17879 -66.71260 .30556
2 -123.31722 49.17887 -67.74192 .31944
2 -123.31713 49.17878 -68.13520 .33333
2 -123.31705 49.17868 -68.52849 .34722
2 -123.31668 49.17824 -67.96423 .36111
2 -123.31606 49.17730 -66.42158 .37500
2 -123.31554 49.17612 -65.26931 .38889
2 -123.31510 49.17475 -64.56977 .40278
2 -123.31483 49.17335 -64.16992 .41667
2 -123.31456 49.17195 -63.57236 .43056
2 -123.31438 49.17026 -62.94848 .44444
2 -123.31435 49.16830 -62.65975 .45833
2 -123.31433 49.16630 -62.30461 .47222
2 -123.31441 49.16410 -61.43681 .48611
2 -123.31451 49.16169 -60.04754 .50000
2 -123.31460 49.15923 -58.40047 .51389
2 -123.31477 49.15670 -57.00069 .52778
2 -123.31509 49.15401 -55.39460 .54167
2 -123.31544 49.15130 -53.83746 .55556
2 -123.31629 49.14859 -53.24998 .56944
2 -123.31732 49.14587 -52.94972 .58333
2 -123.31862 49.14322 -52.35018 .59722
2 -123.32007 49.14086 -51.88197 .61111
2 -123.32151 49.13865 -50.85163 .62500
2 -123.32295 49.13682 -49.35923 .63889
2 -123.32437 49.13545 -49.26530 .65278
2 -123.32572 49.13453 -49.94891 .66667
2 -123.32706 49.13362 -50.63253 .68056
2 -123.32830 49.13329 -51.21181 .69444
2 -123.32936 49.13349 -51.86939 .70833
2 -123.33042 49.13368 -52.52697 .72222
2 -123.33137 49.13418 -52.01072 .73611
2 -123.33211 49.13493 -50.33457 .75000
2 -123.33269 49.13560 -48.87649 .76389
2 -123.33330 49.13628 -48.03315 .77778
2 -123.33392 49.13697 -47.69567 .79167
2 -123.33455 49.13766 -47.35819 .80556
2 -123.33528 49.13818 -48.35865 .81944
2 -123.33611 49.13851 -50.69704 .83333
2 -123.33733 49.13918 -52.22820 .84722
2 -123.33865 49.13966 -53.29044 .86111
2 -123.34014 49.13994 -54.36440 .87500
2 -123.34183 49.14046 -55.16858 .88889
2 -123.34361 49.14089 -56.49793 .90278
2 -123.34541 49.14121 -58.40821 .91667
2 -123.34716 49.14155 -60.36529 .93056
3 -123.30807 49.19026 -77.00977 .00000
3 -123.30802 49.18899 -78.48140 .01389
3 -123.30806 49.18773 -79.61351 .02778
3 -123.30817 49.18648 -80.40609 .04167
3 -123.30828 49.18523 -81.19867 .05556
3 -123.30839 49.18410 -81.20724 .06944
3 -123.30848 49.18309 -80.12964 .08333
3 -123.30866 49.18214 -78.29798 .09722
3 -123.30896 49.18141 -76.85881 .11111
3 -123.30935 49.18087 -76.09791 .12500
3 -123.30974 49.18034 -75.33702 .13889
3 -123.31022 49.17998 -74.74940 .15278
3 -123.31080 49.17980 -74.33507 .16667
3 -123.31137 49.17962 -73.92074 .18056
3 -123.31191 49.17956 -73.55836 .19444
3 -123.31239 49.17962 -73.24794 .20833
3 -123.31296 49.17977 -73.52154 .22222
3 -123.31355 49.18003 -74.58832 .23611
3 -123.31410 49.18033 -76.04779 .25000
3 -123.31465 49.18063 -77.50726 .26389
3 -123.31493 49.18071 -78.65788 .27778
3 -123.31495 49.18058 -79.49965 .29167
3 -123.31496 49.18045 -80.34143 .30556
3 -123.31470 49.17996 -80.56056 .31944
3 -123.31415 49.17911 -80.15707 .33333
3 -123.31360 49.17826 -79.75357 .34722
3 -123.31313 49.17719 -80.48980 .36111
3 -123.31263 49.17593 -82.10606 .37500
3 -123.31212 49.17466 -83.72233 .38889
3 -123.31160 49.17314 -84.78022 .40278
3 -123.31109 49.17142 -85.50917 .41667
3 -123.31059 49.16970 -86.23812 .43056
3 -123.30989 49.16767 -85.86302 .44444
3 -123.30903 49.16534 -84.32484 .45833
3 -123.30825 49.16317 -83.56453 .47222
3 -123.30777 49.16102 -82.79285 .48611
3 -123.30755 49.15891 -81.61011 .50000
3 -123.30728 49.15688 -80.59563 .51389
3 -123.30728 49.15460 -79.92365 .52778
3 -123.30753 49.15270 -79.02471 .54167
3 -123.30778 49.15080 -78.10364 .55556
3 -123.30816 49.14883 -76.83050 .56944
3 -123.30836 49.14719 -75.22742 .58333
3 -123.30854 49.14556 -73.62434 .59722
3 -123.30882 49.14431 -71.88424 .61111
3 -123.30913 49.14346 -70.21911 .62500
3 -123.30913 49.14266 -69.33587 .63889
3 -123.30916 49.14207 -68.91851 .65278
3 -123.30923 49.14171 -68.96703 .66667
3 -123.30930 49.14135 -69.01555 .68056
3 -123.30953 49.14131 -68.75518 .69444
3 -123.30993 49.14161 -68.18590 .70833
3 -123.31033 49.14190 -67.61663 .72222
3 -123.31054 49.14249 -66.84875 .73611
3 -123.31041 49.14328 -65.85118 .75000
3 -123.31072 49.14391 -64.74560 .76389
3 -123.31082 49.14466 -64.19294 .77778
3 -123.31072 49.14554 -64.19321 .79167
3 -123.31065 49.14650 -64.00747 .80556
3 -123.31059 49.14726 -63.47121 .81944
3 -123.31052 49.14779 -62.60292 .83333
3 -123.31049 49.14831 -61.81589 .84722
3 -123.31075 49.14856 -61.77133 .86111
3 -123.31106 49.14863 -61.93078 .87500
3 -123.31137 49.14870 -62.09022 .88889
4 -123.30807 49.19026 -45.04105 .00000
4 -123.30831 49.18962 -46.04779 .01389
4 -123.30836 49.18917 -46.29735 .02778
4 -123.30824 49.18892 -45.78972 .04167
4 -123.30811 49.18866 -45.28210 .05556
4 -123.30805 49.18850 -44.98559 .06944
4 -123.30804 49.18844 -44.90018 .08333
4 -123.30804 49.18839 -44.81478 .09722
4 -123.30812 49.18844 -44.95610 .11111
4 -123.30828 49.18861 -45.32413 .12500
4 -123.30844 49.18878 -45.69217 .13889
4 -123.30859 49.18904 -45.98337 .15278
4 -123.30874 49.18937 -46.19774 .16667
4 -123.30888 49.18971 -46.41211 .18056
4 -123.30902 49.19003 -46.75112 .19444
4 -123.30923 49.19032 -47.12693 .20833
4 -123.30944 49.19061 -47.50273 .22222
4 -123.30950 49.19083 -47.76439 .23611
4 -123.30941 49.19097 -47.91193 .25000
4 -123.30932 49.19112 -48.05947 .26389
4 -123.30915 49.19099 -48.53131 .27778
4 -123.30890 49.19061 -49.32747 .29167
4 -123.30865 49.19022 -50.12362 .30556
4 -123.30844 49.18951 -50.18783 .31944
4 -123.30829 49.18846 -49.64099 .33333
4 -123.30814 49.18742 -49.09415 .34722
4 -123.30821 49.18617 -48.88585 .36111
4 -123.30852 49.18470 -48.96258 .37500
4 -123.30889 49.18320 -48.80214 .38889
4 -123.30917 49.18147 -48.09626 .40278
4 -123.30943 49.17963 -46.67405 .41667
4 -123.30972 49.17772 -45.80648 .43056
4 -123.30998 49.17566 -44.79640 .44444
4 -123.31024 49.17349 -43.47379 .45833
4 -123.31048 49.17132 -41.94327 .47222
4 -123.31071 49.16915 -40.85999 .48611
4 -123.31122 49.16683 -40.17189 .50000
4 -123.31178 49.16448 -39.45512 .51389
4 -123.31227 49.16234 -39.16846 .52778
4 -123.31302 49.16041 -39.35411 .54167
4 -123.31377 49.15847 -39.53975 .55556
4 -123.31464 49.15688 -39.07686 .56944
4 -123.31555 49.15571 -38.01628 .58333
4 -123.31647 49.15453 -36.95571 .59722
4 -123.31724 49.15362 -37.00823 .61111
4 -123.31792 49.15307 -37.91066 .62500
4 -123.31862 49.15256 -38.71709 .63889
4 -123.31904 49.15231 -38.99427 .65278
4 -123.31917 49.15235 -38.74236 .66667
4 -123.31931 49.15238 -38.49046 .68056
4 -123.31929 49.15250 -37.75343 .69444
4 -123.31912 49.15271 -36.53129 .70833
4 -123.31895 49.15291 -35.30914 .72222
4 -123.31902 49.15306 -35.00946 .73611
4 -123.31933 49.15314 -35.63223 .75000
4 -123.31965 49.15323 -36.25499 .76389
4 -123.32030 49.15317 -37.05322 .77778
4 -123.32129 49.15298 -38.02689 .79167
4 -123.32228 49.15279 -39.00057 .80556
4 -123.32329 49.15232 -40.44529 .81944
4 -123.32467 49.15183 -42.18248 .83333
4 -123.32604 49.15133 -43.91967 .84722
5 -123.30807 49.19026 -59.00765 .00000
5 -123.30846 49.18954 -58.49651 .01389
5 -123.30889 49.18895 -58.08138 .02778
5 -123.30936 49.18849 -57.76228 .04167
5 -123.30983 49.18802 -57.44318 .05556
5 -123.31040 49.18774 -57.41167 .06944
5 -123.31106 49.18764 -57.66775 .08333
5 -123.31172 49.18754 -57.92382 .09722
5 -123.31237 49.18755 -58.06871 .11111
5 -123.31304 49.18770 -58.18308 .12500
5 -123.31373 49.18787 -58.33589 .13889
5 -123.31427 49.18799 -58.84720 .15278
5 -123.31442 49.18815 -59.64425 .16667
5 -123.31455 49.18832 -60.43574 .18056
5 -123.31441 49.18829 -61.02042 .19444
5 -123.31402 49.18803 -61.37745 .20833
5 -123.31381 49.18771 -61.61396 .22222
5 -123.31345 49.18702 -61.86297 .23611
5 -123.31295 49.18598 -62.12450 .25000
5 -123.31244 49.18493 -62.38603 .26389
5 -123.31199 49.18351 -62.19171 .27778
5 -123.31159 49.18169 -61.69899 .29167
5 -123.31119 49.17987 -61.20627 .30556
5 -123.31099 49.17783 -60.67611 .31944
5 -123.31104 49.17570 -60.33155 .33333
5 -123.31106 49.17356 -60.00772 .34722
5 -123.31089 49.17118 -59.15687 .36111
5 -123.31083 49.16864 -57.79929 .37500
5 -123.31086 49.16617 -56.40380 .38889
5 -123.31091 49.16358 -54.71623 .40278
5 -123.31109 49.16085 -52.70928 .41667
5 -123.31127 49.15814 -50.94802 .43056
5 -123.31209 49.15582 -49.67395 .44444
5 -123.31311 49.15347 -49.12862 .45833
5 -123.31418 49.15110 -48.78550 .47222
5 -123.31539 49.14897 -48.34419 .48611
5 -123.31670 49.14707 -47.55503 .50000
5 -123.31810 49.14517 -46.89475 .51389
5 -123.31973 49.14366 -46.85301 .52778
5 -123.32131 49.14255 -47.00484 .54167
5 -123.32286 49.14152 -46.90434 .55556
5 -123.32417 49.14092 -47.06437 .56944
5 -123.32525 49.14073 -47.53165 .58333
5 -123.32633 49.14055 -47.99893 .59722
5 -123.32737 49.14090 -47.77041 .61111
5 -123.32830 49.14170 -46.80118 .62500
5 -123.32932 49.14256 -46.13432 .63889
5 -123.33017 49.14343 -45.34989 .65278
5 -123.33087 49.14429 -44.43096 .66667
5 -123.33156 49.14515 -43.51204 .68056
5 -123.33232 49.14597 -43.64287 .69444
5 -123.33313 49.14673 -44.81948 .70833
5 -123.33394 49.14750 -45.99609 .72222
5 -123.33480 49.14792 -47.30869 .73611
5 -123.33571 49.14801 -48.75728 .75000
5 -123.33663 49.14809 -50.20588 .76389
5 -123.33779 49.14801 -51.76902 .77778
5 -123.33919 49.14775 -53.44696 .79167
5 -123.34066 49.14758 -55.09781 .80556
6 -123.30807 49.19026 -77.00977 .00000
6 -123.30838 49.18995 -75.56595 .01389
6 -123.30883 49.18986 -74.50277 .02778
6 -123.30944 49.19001 -74.09140 .04167
6 -123.31006 49.19016 -73.82094 .05556
6 -123.31067 49.19043 -73.77178 .06944
6 -123.31127 49.19083 -73.94394 .08333
6 -123.31186 49.19123 -74.11609 .09722
6 -123.31239 49.19164 -74.59994 .11111
6 -123.31284 49.19205 -75.39549 .12500
6 -123.31329 49.19246 -76.19104 .13889
6 -123.31353 49.19267 -77.66263 .15278
6 -123.31353 49.19268 -79.81024 .16667
6 -123.31354 49.19268 -81.95785 .18056
6 -123.31328 49.19237 -83.82147 .19444
6 -123.31273 49.19175 -85.40110 .20833
6 -123.31219 49.19112 -86.98205 .22222
6 -123.31232 49.19024 -87.88470 .23611
6 -123.31238 49.18924 -87.95254 .25000
6 -123.31255 49.18820 -87.91929 .26389
6 -123.31281 49.18707 -88.07773 .27778
6 -123.31298 49.18589 -88.55086 .29167
6 -123.31315 49.18471 -89.02398 .30556
6 -123.31299 49.18342 -88.74866 .31944
6 -123.31266 49.18198 -88.12530 .33333
6 -123.31233 49.18055 -87.52671 .34722
6 -123.31171 49.17880 -86.76550 .36111
6 -123.31054 49.17607 -85.28548 .37500
6 -123.30954 49.17330 -84.04869 .38889
6 -123.30899 49.17052 -83.43251 .40278
6 -123.30861 49.16789 -82.65494 .41667
6 -123.30828 49.16524 -81.79619 .43056
6 -123.30817 49.16284 -81.26649 .44444
6 -123.30828 49.16071 -80.61494 .45833
6 -123.30853 49.15857 -80.31937 .47222
6 -123.30895 49.15670 -79.22492 .48611
6 -123.30929 49.15519 -77.06286 .50000
6 -123.30963 49.15367 -74.89560 .51389
6 -123.30975 49.15263 -72.73674 .52778
6 -123.30998 49.15187 -71.90622 .54167
6 -123.31023 49.15111 -71.31700 .55556
6 -123.31069 49.15064 -70.95869 .56944
6 -123.31135 49.15044 -70.83129 .58333
6 -123.31201 49.15025 -70.70389 .59722
6 -123.31274 49.15032 -70.54150 .61111
6 -123.31355 49.15067 -70.34411 .62500
6 -123.31436 49.15101 -70.14671 .63889
6 -123.31503 49.15157 -69.98466 .65278
6 -123.31585 49.15226 -70.34935 .66667
6 -123.31673 49.15294 -70.80777 .68056
6 -123.31752 49.15361 -71.09773 .69444
6 -123.31833 49.15439 -71.22526 .70833
6 -123.31917 49.15521 -71.35403 .72222
6 -123.31996 49.15589 -71.50829 .73611
6 -123.32062 49.15647 -71.67364 .75000
6 -123.32128 49.15704 -71.83898 .76389
7 -123.30807 49.19026 -45.04105 .00000
7 -123.30832 49.19037 -45.26574 .01389
7 -123.30863 49.19057 -45.43487 .02778
7 -123.30900 49.19084 -45.54846 .04167
7 -123.30937 49.19112 -45.66204 .05556
7 -123.30967 49.19142 -45.91923 .06944
7 -123.30991 49.19175 -46.32004 .08333
7 -123.31015 49.19208 -46.72084 .09722
7 -123.31023 49.19232 -46.99051 .11111
7 -123.31017 49.19248 -47.12904 .12500
7 -123.31010 49.19263 -47.27333 .13889
7 -123.30996 49.19253 -47.74462 .15278
7 -123.30976 49.19219 -48.34112 .16667
7 -123.30953 49.19180 -49.12370 .18056
7 -123.30932 49.19108 -49.19474 .19444
7 -123.30915 49.19001 -48.55425 .20833
7 -123.30899 49.18895 -47.95334 .22222
7 -123.30905 49.18769 -47.70052 .23611
7 -123.30932 49.18623 -47.78959 .25000
7 -123.30959 49.18476 -47.87866 .26389
7 -123.30990 49.18310 -47.19352 .27778
7 -123.31020 49.18128 -45.84999 .29167
7 -123.31049 49.17947 -44.50646 .30556
7 -123.31075 49.17741 -43.50110 .31944
7 -123.31102 49.17524 -42.25324 .33333
7 -123.31128 49.17307 -40.93524 .34722
7 -123.31148 49.17085 -39.84243 .36111
7 -123.31174 49.16867 -39.26600 .37500
7 -123.31197 49.16658 -38.62382 .38889
7 -123.31207 49.16456 -38.30317 .40278
7 -123.31215 49.16263 -38.34618 .41667
7 -123.31235 49.16082 -38.52752 .43056
7 -123.31281 49.15931 -37.74877 .44444
7 -123.31353 49.15810 -36.00991 .45833
7 -123.31434 49.15693 -34.66266 .47222
7 -123.31519 49.15609 -34.89989 .48611
7 -123.31598 49.15550 -36.10020 .50000
7 -123.31677 49.15491 -37.30051 .51389
7 -123.31723 49.15459 -38.03524 .52778
7 -123.31736 49.15453 -38.30440 .54167
7 -123.31750 49.15448 -38.57355 .55556
7 -123.31747 49.15453 -38.27497 .56944
7 -123.31729 49.15470 -37.40865 .58333
7 -123.31711 49.15487 -36.54234 .59722
7 -123.31712 49.15498 -36.00802 .61111
7 -123.31733 49.15505 -35.80569 .62500
7 -123.31754 49.15511 -35.60336 .63889
7 -123.31808 49.15500 -35.74271 .65278
7 -123.31899 49.15475 -36.40764 .66667
7 -123.31995 49.15452 -37.33886 .68056
7 -123.32100 49.15426 -38.77694 .69444
7 -123.32212 49.15368 -40.59747 .70833
7 -123.32322 49.15303 -42.39146 .72222
8 -123.30807 49.19026 -59.00765 .00000
8 -123.30845 49.19050 -59.24952 .01389
8 -123.30871 49.19067 -59.60647 .02778
8 -123.30885 49.19076 -60.07848 .04167
8 -123.30900 49.19086 -60.55050 .05556
8 -123.30892 49.19072 -61.08518 .06944
8 -123.30860 49.19033 -61.68254 .08333
8 -123.30845 49.18990 -62.50075 .09722
8 -123.30822 49.18904 -63.26059 .11111
8 -123.30774 49.18783 -63.69848 .12500
8 -123.30725 49.18662 -64.13637 .13889
8 -123.30674 49.18507 -63.77641 .15278
8 -123.30621 49.18326 -62.77676 .16667
8 -123.30567 49.18146 -61.77712 .18056
8 -123.30533 49.17947 -61.08268 .19444
8 -123.30512 49.17712 -60.53993 .20833
8 -123.30472 49.17480 -60.39585 .22222
8 -123.30424 49.17233 -59.73262 .23611
8 -123.30395 49.16970 -58.17725 .25000
8 -123.30377 49.16709 -56.28960 .26389
8 -123.30365 49.16444 -54.11624 .27778
8 -123.30369 49.16173 -51.73622 .29167
8 -123.30396 49.15938 -49.51972 .30556
8 -123.30452 49.15720 -48.26263 .31944
8 -123.30524 49.15502 -47.95430 .33333
8 -123.30602 49.15275 -48.17054 .34722
8 -123.30682 49.15065 -48.22470 .36111
8 -123.30775 49.14870 -47.95781 .37500
8 -123.30881 49.14670 -47.51777 .38889
8 -123.30994 49.14500 -46.59775 .40278
8 -123.31127 49.14360 -45.97350 .41667
8 -123.31254 49.14222 -45.46901 .43056
8 -123.31317 49.14141 -45.70451 .44444
8 -123.31361 49.14103 -46.47776 .45833
8 -123.31415 49.14079 -46.89028 .47222
8 -123.31440 49.14086 -46.67268 .48611
8 -123.31435 49.14125 -45.82496 .50000
8 -123.31431 49.14164 -44.97724 .51389
8 -123.31456 49.14195 -44.13584 .52778
8 -123.31474 49.14229 -43.07815 .54167
8 -123.31488 49.14259 -42.15958 .55556
8 -123.31512 49.14280 -42.26257 .56944
8 -123.31559 49.14305 -43.60122 .58333
8 -123.31606 49.14330 -44.93987 .59722
8 -123.31682 49.14323 -46.03341 .61111
8 -123.31786 49.14284 -46.88186 .62500
8 -123.31890 49.14245 -47.73030 .63889
8 -123.32010 49.14196 -49.10363 .65278
8 -123.32153 49.14149 -50.91192 .66667
8 -123.32282 49.14145 -52.67383 .68056
9 -123.30807 49.19026 -77.00977 .00000
9 -123.30857 49.19060 -77.84928 .01389
9 -123.30894 49.19076 -79.44679 .02778
9 -123.30917 49.19075 -81.80230 .04167
9 -123.30940 49.19074 -84.15781 .05556
9 -123.30931 49.19041 -86.17492 .06944
9 -123.30921 49.18962 -87.79693 .08333
9 -123.30937 49.18871 -89.19384 .09722
9 -123.30964 49.18777 -89.81970 .11111
9 -123.31001 49.18680 -89.67454 .12500
9 -123.31037 49.18583 -89.52937 .13889
9 -123.31072 49.18475 -89.77338 .15278
9 -123.31093 49.18353 -90.80176 .16667
9 -123.31106 49.18233 -92.27762 .18056
9 -123.31098 49.18103 -92.81658 .19444
9 -123.31069 49.17961 -92.41864 .20833
9 -123.31049 49.17817 -92.11599 .22222
9 -123.31014 49.17663 -91.31999 .23611
9 -123.30937 49.17480 -90.33993 .25000
9 -123.30883 49.17301 -89.81700 .26389
9 -123.30827 49.17126 -89.35976 .27778
9 -123.30768 49.16957 -88.78640 .29167
9 -123.30721 49.16808 -87.88788 .30556
9 -123.30683 49.16680 -86.98672 .31944
9 -123.30676 49.16496 -86.12750 .33333
9 -123.30667 49.16283 -85.55799 .34722
9 -123.30654 49.16110 -84.03803 .36111
9 -123.30646 49.15978 -81.76324 .37500
9 -123.30674 49.15851 -80.20366 .38889
9 -123.30704 49.15762 -78.70939 .40278
9 -123.30727 49.15695 -77.44005 .41667
9 -123.30742 49.15616 -76.29514 .43056
9 -123.30771 49.15564 -75.44564 .44444
9 -123.30812 49.15539 -74.89154 .45833
9 -123.30853 49.15515 -74.33744 .47222
9 -123.30905 49.15515 -73.94347 .48611
9 -123.30968 49.15541 -73.70961 .50000
9 -123.31032 49.15567 -73.47576 .51389
9 -123.31086 49.15609 -73.31915 .52778
9 -123.31133 49.15665 -73.23979 .54167
9 -123.31179 49.15722 -73.16044 .55556
9 -123.31233 49.15775 -73.19009 .56944
9 -123.31300 49.15823 -74.16090 .58333
9 -123.31368 49.15871 -75.27778 .59722
9 -123.31424 49.15917 -76.43727 .61111
9 -123.31470 49.15961 -77.63938 .62500
9 -123.31516 49.16005 -78.84149 .63889
10 -123.30807 49.19026 -45.04105 .00000
10 -123.30796 49.19036 -45.54698 .01389
10 -123.30781 49.19027 -45.93347 .02778
10 -123.30755 49.18998 -46.02915 .04167
10 -123.30728 49.18968 -46.12482 .05556
10 -123.30712 49.18906 -45.78260 .06944
10 -123.30699 49.18803 -45.09457 .08333
10 -123.30686 49.18700 -44.40654 .09722
10 -123.30695 49.18575 -44.03946 .11111
10 -123.30729 49.18425 -44.10770 .12500
10 -123.30763 49.18274 -44.20009 .13889
10 -123.30792 49.18105 -43.62861 .15278
10 -123.30816 49.17918 -42.65921 .16667
10 -123.30839 49.17727 -42.05183 .18056
10 -123.30857 49.17515 -41.30203 .19444
10 -123.30877 49.17298 -39.90630 .20833
10 -123.30881 49.17101 -38.46580 .22222
10 -123.30867 49.16908 -37.56480 .23611
10 -123.30864 49.16693 -37.53356 .25000
10 -123.30867 49.16480 -37.00376 .26389
10 -123.30870 49.16281 -36.88939 .27778
10 -123.30875 49.16100 -37.13319 .29167
10 -123.30882 49.15920 -37.37215 .30556
10 -123.30937 49.15758 -36.88128 .31944
10 -123.30995 49.15612 -35.52572 .33333
10 -123.31054 49.15467 -34.17016 .34722
10 -123.31114 49.15347 -34.09617 .36111
10 -123.31188 49.15257 -35.37168 .37500
10 -123.31269 49.15162 -36.62895 .38889
10 -123.31320 49.15098 -37.37292 .40278
10 -123.31340 49.15065 -37.60361 .41667
10 -123.31360 49.15033 -37.83430 .43056
10 -123.31372 49.15015 -37.45913 .44444
10 -123.31375 49.15012 -36.47811 .45833
10 -123.31379 49.15010 -35.49709 .47222
10 -123.31409 49.15007 -35.02217 .48611
10 -123.31467 49.15005 -35.23051 .50000
10 -123.31524 49.15002 -35.89261 .51389
10 -123.31618 49.14994 -36.71669 .52778
10 -123.31751 49.14980 -37.70274 .54167
10 -123.31883 49.14967 -38.68880 .55556
10 -123.31993 49.14919 -39.81228 .56944
10 -123.32104 49.14852 -41.41671 .58333
10 -123.32226 49.14793 -43.25115 .59722
11 -123.30807 49.19026 -59.00765 .00000
11 -123.30762 49.18905 -59.40106 .01389
11 -123.30714 49.18749 -59.09831 .02778
11 -123.30664 49.18557 -58.09429 .04167
11 -123.30603 49.18372 -56.91263 .05556
11 -123.30564 49.18166 -56.13475 .06944
11 -123.30547 49.17942 -55.91127 .08333
11 -123.30526 49.17706 -55.78376 .09722
11 -123.30492 49.17452 -54.96425 .11111
11 -123.30448 49.17180 -53.44882 .12500
11 -123.30421 49.16916 -51.69635 .13889
11 -123.30430 49.16675 -49.59331 .15278
11 -123.30447 49.16446 -47.47593 .16667
11 -123.30459 49.16221 -45.48409 .18056
11 -123.30510 49.16000 -44.32746 .19444
11 -123.30578 49.15778 -43.91121 .20833
11 -123.30647 49.15554 -43.59054 .22222
11 -123.30720 49.15342 -43.60942 .23611
11 -123.30794 49.15146 -43.61472 .25000
11 -123.30882 49.14951 -43.44309 .26389
11 -123.30986 49.14785 -42.82425 .27778
11 -123.31097 49.14649 -41.82576 .29167
11 -123.31229 49.14515 -41.47696 .30556
11 -123.31350 49.14418 -42.05978 .31944
11 -123.31455 49.14357 -43.39745 .33333
11 -123.31563 49.14301 -44.60272 .34722
11 -123.31648 49.14292 -44.72621 .36111
11 -123.31704 49.14314 -44.23524 .37500
11 -123.31759 49.14337 -43.74426 .38889
11 -123.31799 49.14369 -43.00249 .40278
11 -123.31825 49.14410 -42.00993 .41667
11 -123.31851 49.14450 -41.01737 .43056
11 -123.31889 49.14484 -41.22683 .44444
11 -123.31938 49.14513 -42.48629 .45833
11 -123.31981 49.14545 -43.29638 .47222
11 -123.32049 49.14545 -44.18148 .48611
11 -123.32142 49.14515 -45.14158 .50000
11 -123.32236 49.14484 -46.10168 .51389
11 -123.32350 49.14437 -47.38688 .52778
11 -123.32497 49.14396 -49.21813 .54167
11 -123.32644 49.14356 -51.05380 .55556
12 -123.30807 49.19026 -77.00977 .00000
12 -123.30757 49.18884 -76.12158 .01389
12 -123.30691 49.18713 -75.74042 .02778
12 -123.30615 49.18514 -75.87550 .04167
12 -123.30548 49.18321 -76.03134 .05556
12 -123.30475 49.18104 -75.90125 .06944
12 -123.30434 49.17896 -74.61809 .08333
12 -123.30390 49.17678 -72.99221 .09722
12 -123.30329 49.17451 -71.41225 .11111
12 -123.30268 49.17215 -69.85823 .12500
12 -123.30176 49.17025 -68.63225 .13889
12 -123.30101 49.16859 -68.24464 .15278
12 -123.30058 49.16707 -68.26246 .16667
12 -123.30069 49.16546 -66.07949 .18056
12 -123.30079 49.16337 -64.50971 .19444
12 -123.30092 49.16159 -63.81528 .20833
12 -123.30100 49.16004 -64.29004 .22222
12 -123.30121 49.15891 -64.25676 .23611
12 -123.30150 49.15804 -62.86154 .25000
12 -123.30177 49.15704 -60.68718 .26389
12 -123.30180 49.15648 -59.19425 .27778
12 -123.30141 49.15645 -58.41455 .29167
12 -123.30102 49.15642 -57.63485 .30556
12 -123.30071 49.15661 -57.68197 .31944
12 -123.30047 49.15701 -58.55589 .33333
12 -123.30066 49.15722 -58.89482 .34722
12 -123.30089 49.15759 -59.26736 .36111
12 -123.30113 49.15812 -59.70414 .37500
12 -123.30143 49.15872 -60.23587 .38889
12 -123.30153 49.15948 -60.32358 .40278
12 -123.30131 49.16023 -59.71911 .41667
12 -123.30109 49.16098 -59.11464 .43056
12 -123.30092 49.16159 -59.71955 .44444
12 -123.30079 49.16206 -61.52319 .45833
12 -123.30091 49.16240 -62.74180 .47222
12 -123.30095 49.16255 -63.18465 .48611
12 -123.30093 49.16250 -62.85172 .50000
12 -123.30091 49.16245 -62.51879 .51389
13 -123.30807 49.19026 -45.04105 .00000
13 -123.30836 49.18875 -45.03071 .01389
13 -123.30872 49.18717 -44.62382 .02778
13 -123.30915 49.18551 -43.82036 .04167
13 -123.30955 49.18384 -42.94451 .05556
13 -123.30981 49.18194 -41.71700 .06944
13 -123.31000 49.17989 -40.44978 .08333
13 -123.31020 49.17771 -39.50329 .09722
13 -123.31013 49.17573 -38.98714 .11111
13 -123.30986 49.17392 -38.81208 .12500
13 -123.30971 49.17198 -38.13636 .13889
13 -123.30952 49.17007 -37.60215 .15278
13 -123.30937 49.16812 -37.50082 .16667
13 -123.30934 49.16618 -37.55915 .18056
13 -123.30950 49.16445 -36.97666 .19444
13 -123.30976 49.16301 -35.32595 .20833
13 -123.30998 49.16159 -33.48465 .22222
13 -123.31045 49.16056 -32.84456 .23611
13 -123.31119 49.15992 -33.50099 .25000
13 -123.31192 49.15928 -34.15742 .26389
13 -123.31244 49.15886 -34.82863 .27778
13 -123.31274 49.15867 -35.51461 .29167
13 -123.31304 49.15847 -36.20058 .30556
13 -123.31312 49.15843 -36.36703 .31944
13 -123.31299 49.15855 -36.01395 .33333
13 -123.31285 49.15866 -35.66087 .34722
13 -123.31272 49.15878 -35.46777 .36111
13 -123.31259 49.15890 -35.43464 .37500
13 -123.31246 49.15902 -35.40151 .38889
13 -123.31250 49.15898 -35.76082 .40278
13 -123.31270 49.15879 -36.51256 .41667
13 -123.31290 49.15859 -37.26431 .43056
13 -123.31319 49.15817 -37.87567 .44444
13 -123.31358 49.15753 -38.34665 .45833
13 -123.31412 49.15694 -39.48304 .47222
14 -123.30807 49.19026 -59.00765 .00000
14 -123.30819 49.18773 -58.07442 .01389
14 -123.30817 49.18502 -56.90198 .02778
14 -123.30787 49.18222 -55.10950 .04167
14 -123.30788 49.17977 -53.21822 .05556
14 -123.30821 49.17713 -52.09215 .06944
14 -123.30848 49.17447 -51.46624 .08333
14 -123.30862 49.17186 -51.08188 .09722
14 -123.30870 49.16961 -50.63735 .11111
14 -123.30896 49.16745 -49.94047 .12500
14 -123.30932 49.16534 -49.28318 .13889
14 -123.30966 49.16344 -48.04452 .15278
14 -123.31001 49.16176 -46.36252 .16667
14 -123.31051 49.16021 -44.63128 .18056
14 -123.31119 49.15905 -43.97026 .19444
14 -123.31190 49.15816 -44.42966 .20833
14 -123.31268 49.15723 -44.87428 .22222
14 -123.31338 49.15654 -45.45245 .23611
14 -123.31407 49.15623 -46.06012 .25000
14 -123.31476 49.15591 -46.66779 .26389
14 -123.31528 49.15576 -46.79778 .27778
14 -123.31563 49.15578 -46.45010 .29167
14 -123.31598 49.15579 -46.10241 .30556
14 -123.31630 49.15585 -45.87753 .31944
14 -123.31659 49.15594 -45.77547 .33333
14 -123.31687 49.15604 -45.67341 .34722
14 -123.31733 49.15592 -45.62506 .36111
14 -123.31797 49.15559 -45.63042 .37500
14 -123.31861 49.15526 -45.63579 .38889
14 -123.31946 49.15480 -46.36027 .40278
14 -123.32050 49.15417 -47.65005 .41667
14 -123.32154 49.15355 -48.93982 .43056
15 -123.30807 49.19026 -77.00977 .00000
15 -123.30736 49.18774 -75.82367 .01389
15 -123.30674 49.18542 -74.98982 .02778
15 -123.30642 49.18308 -75.31296 .04167
15 -123.30609 49.18074 -75.63610 .05556
15 -123.30560 49.17857 -73.22066 .06944
15 -123.30509 49.17660 -70.32409 .08333
15 -123.30468 49.17476 -68.51678 .09722
15 -123.30439 49.17337 -67.00214 .11111
15 -123.30439 49.17184 -65.32310 .12500
15 -123.30448 49.17035 -64.29012 .13889
15 -123.30464 49.16929 -63.05713 .15278
15 -123.30481 49.16868 -61.82375 .16667
15 -123.30497 49.16806 -60.59037 .18056
15 -123.30517 49.16772 -59.96906 .19444
15 -123.30542 49.16765 -59.95983 .20833
15 -123.30566 49.16759 -59.95060 .22222
15 -123.30588 49.16766 -60.15260 .23611
15 -123.30607 49.16787 -60.56584 .25000
15 -123.30625 49.16808 -60.97907 .26389
15 -123.30629 49.16830 -61.19715 .27778
15 -123.30617 49.16851 -61.22008 .29167
15 -123.30606 49.16873 -61.24301 .30556
15 -123.30607 49.16888 -61.95331 .31944
15 -123.30620 49.16894 -63.35100 .33333
15 -123.30633 49.16901 -64.74869 .34722
15 -123.30638 49.16879 -65.35293 .36111
15 -123.30636 49.16827 -65.16372 .37500
15 -123.30633 49.16775 -64.97451 .38889
16 -123.30807 49.19026 -45.04105 .00000
16 -123.30814 49.18816 -44.54886 .01389
16 -123.30818 49.18601 -43.94968 .02778
16 -123.30796 49.18380 -43.28489 .04167
16 -123.30760 49.18158 -42.60032 .05556
16 -123.30746 49.17960 -41.59807 .06944
16 -123.30736 49.17763 -41.09983 .08333
16 -123.30726 49.17567 -40.60158 .09722
16 -123.30706 49.17399 -39.75356 .11111
16 -123.30705 49.17273 -39.01897 .12500
16 -123.30738 49.17181 -38.62613 .13889
16 -123.30769 49.17111 -38.50240 .15278
16 -123.30800 49.17061 -38.64776 .16667
16 -123.30830 49.17011 -38.79312 .18056
16 -123.30856 49.16985 -39.01750 .19444
16 -123.30876 49.16956 -39.32672 .20833
16 -123.30906 49.16912 -39.56176 .22222
16 -123.30933 49.16873 -39.41868 .23611
16 -123.30947 49.16852 -38.94351 .25000
16 -123.30951 49.16854 -38.47239 .26389
16 -123.30946 49.16845 -39.04204 .27778
16 -123.30984 49.16805 -40.36570 .29167
16 -123.31023 49.16762 -41.39463 .30556
16 -123.31053 49.16698 -41.40677 .31944
16 -123.31075 49.16611 -40.40212 .33333
16 -123.31097 49.16525 -39.39747 .34722
17 -123.30807 49.19026 -59.00765 .00000
17 -123.30877 49.18830 -57.74078 .01389
17 -123.30913 49.18657 -56.14114 .02778
17 -123.30915 49.18506 -54.20874 .04167
17 -123.30928 49.18345 -52.37393 .05556
17 -123.30958 49.18219 -50.57146 .06944
17 -123.30992 49.18110 -49.61319 .08333
17 -123.31026 49.18000 -48.65491 .09722
17 -123.31051 49.17908 -47.98730 .11111
17 -123.31090 49.17823 -48.09430 .12500
17 -123.31139 49.17755 -48.06363 .13889
17 -123.31186 49.17713 -48.12931 .15278
17 -123.31223 49.17682 -48.40162 .16667
17 -123.31260 49.17651 -48.67393 .18056
17 -123.31289 49.17624 -49.04218 .19444
17 -123.31310 49.17602 -49.50637 .20833
17 -123.31331 49.17579 -49.97056 .22222
17 -123.31353 49.17552 -50.61167 .23611
17 -123.31359 49.17541 -51.44673 .25000
17 -123.31353 49.17545 -52.29465 .26389
17 -123.31334 49.17514 -52.83205 .27778
17 -123.31300 49.17450 -53.05894 .29167
17 -123.31267 49.17386 -53.28583 .30556
18 -123.30807 49.19026 -77.00977 .00000
18 -123.30732 49.18938 -74.07087 .01389
18 -123.30667 49.18889 -71.38610 .02778
18 -123.30613 49.18879 -68.95123 .04167
18 -123.30577 49.18856 -66.47013 .05556
18 -123.30610 49.18812 -64.82797 .06944
18 -123.30634 49.18783 -64.77092 .08333
18 -123.30653 49.18748 -64.93967 .09722
18 -123.30671 49.18727 -65.04909 .11111
18 -123.30687 49.18718 -65.09917 .12500
18 -123.30704 49.18710 -65.14925 .13889
18 -123.30722 49.18707 -65.71783 .15278
18 -123.30744 49.18709 -66.80491 .16667
18 -123.30768 49.18737 -67.90789 .18056
18 -123.30808 49.18781 -69.00525 .19444
18 -123.30865 49.18833 -70.09233 .20833
18 -123.30921 49.18884 -71.17940 .22222
18 -123.30978 49.18927 -72.74641 .23611
18 -123.31035 49.18960 -74.81101 .25000
18 -123.31090 49.18996 -76.91253 .26389
19 -123.30807 49.19026 -45.04105 .00000
19 -123.30893 49.18930 -44.79369 .01389
19 -123.30962 49.18854 -44.59237 .02778
19 -123.31015 49.18798 -44.43711 .04167
19 -123.31069 49.18741 -44.28184 .05556
19 -123.31114 49.18701 -44.34759 .06944
19 -123.31152 49.18676 -44.63435 .08333
19 -123.31196 49.18660 -44.98900 .09722
19 -123.31233 49.18661 -45.47303 .11111
19 -123.31251 49.18665 -45.97956 .12500
19 -123.31269 49.18669 -46.48610 .13889
19 -123.31276 49.18666 -46.76866 .15278
19 -123.31273 49.18657 -46.82723 .16667
19 -123.31269 49.18647 -46.88580 .18056
19 -123.31259 49.18608 -47.50212 .19444
19 -123.31243 49.18541 -48.67619 .20833
19 -123.31226 49.18473 -49.85025 .22222
20 -123.30807 49.19026 -59.00765 .00000
20 -123.30834 49.19000 -59.08247 .01389
20 -123.30862 49.18988 -59.14263 .02778
20 -123.30889 49.18990 -59.18813 .04167
20 -123.30894 49.18999 -59.32671 .05556
20 -123.30880 49.19018 -59.74876 .06944
20 -123.30869 49.19036 -60.34865 .08333
20 -123.30859 49.19055 -60.94855 .09722
20 -123.30849 49.19074 -61.79785 .11111
20 -123.30844 49.19097 -63.14828 .12500
20 -123.30839 49.19120 -64.50958 .13889
20 -123.30820 49.19121 -66.08305 .15278
20 -123.30842 49.19127 -67.89109 .16667
20 -123.30930 49.19167 -69.71496 .18056
21 -123.30807 49.19026 -77.00977 .00000
21 -123.30860 49.19046 -76.89401 .01389
21 -123.30925 49.19076 -77.02011 .02778
21 -123.31000 49.19117 -77.38809 .04167
21 -123.31076 49.19157 -77.75606 .05556
21 -123.31161 49.19211 -78.71107 .06944
21 -123.31257 49.19278 -80.25311 .08333
21 -123.31351 49.19346 -81.81243 .09722
21 -123.31387 49.19415 -84.13081 .11111
21 -123.31402 49.19465 -86.71612 .12500
21 -123.31488 49.19503 -89.52741 .13889
22 -123.30807 49.19026 -45.04105 .00000
22 -123.30832 49.19009 -45.29858 .01389
22 -123.30839 49.18988 -45.61859 .02778
22 -123.30830 49.18964 -46.00107 .04167
22 -123.30820 49.18940 -46.38356 .05556
22 -123.30797 49.18884 -47.22675 .06944
22 -123.30761 49.18796 -48.53065 .08333
22 -123.30725 49.18709 -49.83455 .09722
23 -123.30807 49.19026 -59.00765 .00000
23 -123.30804 49.19052 -60.16766 .01389
23 -123.30787 49.19055 -61.45836 .02778
23 -123.30769 49.19033 -63.06453 .04167
23 -123.30789 49.18995 -65.24863 .05556
24 -123.30807 49.19026 -77.00977 .00000
24 -123.30881 49.19054 -79.35933 .01389
